game_week_day,game_date,game_year,game_time,visitor,visitor_pts,home,home_pts,overtime,att,season,game_month,game_day,game_month_number,original_date,reschedule_type,reschedule,day_difference,final_date,NewReschedule
Tue,2020-12-22,2020,7:00p,Golden State Warriors,99,Brooklyn Nets,125,,0,2020/2021,Dec,22,12,2020-12-22,,0.0,,2020-12-22,
Tue,2020-12-22,2020,10:00p,Los Angeles Clippers,116,Los Angeles Lakers,109,,0,2020/2021,Dec,22,12,2020-12-22,,0.0,,2020-12-22,
Wed,2020-12-23,2020,7:00p,Charlotte Hornets,114,Cleveland Cavaliers,121,,300,2020/2021,Dec,23,12,2020-12-23,,0.0,,2020-12-23,
Wed,2020-12-23,2020,7:00p,New York Knicks,107,Indiana Pacers,121,,0,2020/2021,Dec,23,12,2020-12-23,,0.0,,2020-12-23,
Wed,2020-12-23,2020,7:00p,Miami Heat,107,Orlando Magic,113,,3396,2020/2021,Dec,23,12,2020-12-23,,0.0,,2020-12-23,
Wed,2020-12-23,2020,7:00p,Washington Wizards,107,Philadelphia 76ers,113,,0,2020/2021,Dec,23,12,2020-12-23,,0.0,,2020-12-23,
Wed,2020-12-23,2020,7:30p,New Orleans Pelicans,113,Toronto Raptors,99,,3800,2020/2021,Dec,23,12,2020-12-23,,0.0,,2020-12-23,
Wed,2020-12-23,2020,7:30p,Milwaukee Bucks,121,Boston Celtics,122,,0,2020/2021,Dec,23,12,2020-12-23,,0.0,,2020-12-23,
Wed,2020-12-23,2020,8:00p,Atlanta Hawks,124,Chicago Bulls,104,,0,2020/2021,Dec,23,12,2020-12-23,,0.0,,2020-12-23,
Wed,2020-12-23,2020,8:00p,San Antonio Spurs,131,Memphis Grizzlies,119,,0,2020/2021,Dec,23,12,2020-12-23,,0.0,,2020-12-23,
Wed,2020-12-23,2020,8:00p,Detroit Pistons,101,Minnesota Timberwolves,111,,0,2020/2021,Dec,23,12,2020-12-23,,0.0,,2020-12-23,
Wed,2020-12-23,2020,9:00p,Sacramento Kings,124,Denver Nuggets,122,OT,0,2020/2021,Dec,23,12,2020-12-23,,0.0,,2020-12-23,
Wed,2020-12-23,2020,10:00p,Utah Jazz,120,Portland Trail Blazers,100,,0,2020/2021,Dec,23,12,2020-12-23,,0.0,,2020-12-23,
Wed,2020-12-23,2020,10:30p,Dallas Mavericks,102,Phoenix Suns,106,,0,2020/2021,Dec,23,12,2020-12-23,,0.0,,2020-12-23,
Fri,2020-12-25,2020,12:00p,New Orleans Pelicans,98,Miami Heat,111,,0,2020/2021,Dec,25,12,2020-12-25,,0.0,,2020-12-25,
Fri,2020-12-25,2020,2:30p,Golden State Warriors,99,Milwaukee Bucks,138,,0,2020/2021,Dec,25,12,2020-12-25,,0.0,,2020-12-25,
Fri,2020-12-25,2020,5:00p,Brooklyn Nets,123,Boston Celtics,95,,0,2020/2021,Dec,25,12,2020-12-25,,0.0,,2020-12-25,
Fri,2020-12-25,2020,8:00p,Dallas Mavericks,115,Los Angeles Lakers,138,,0,2020/2021,Dec,25,12,2020-12-25,,0.0,,2020-12-25,
Fri,2020-12-25,2020,10:30p,Los Angeles Clippers,121,Denver Nuggets,108,,0,2020/2021,Dec,25,12,2020-12-25,,0.0,,2020-12-25,
Sat,2020-12-26,2020,5:00p,Atlanta Hawks,122,Memphis Grizzlies,112,,0,2020/2021,Dec,26,12,2020-12-26,,0.0,,2020-12-26,
Sat,2020-12-26,2020,7:00p,Oklahoma City Thunder,109,Charlotte Hornets,107,,0,2020/2021,Dec,26,12,2020-12-26,,0.0,,2020-12-26,
Sat,2020-12-26,2020,7:00p,Cleveland Cavaliers,128,Detroit Pistons,119,2OT,0,2020/2021,Dec,26,12,2020-12-26,,0.0,,2020-12-26,
Sat,2020-12-26,2020,7:00p,Orlando Magic,130,Washington Wizards,120,,0,2020/2021,Dec,26,12,2020-12-26,,0.0,,2020-12-26,
Sat,2020-12-26,2020,7:30p,Philadelphia 76ers,109,New York Knicks,89,,0,2020/2021,Dec,26,12,2020-12-26,,0.0,,2020-12-26,
Sat,2020-12-26,2020,8:00p,Indiana Pacers,125,Chicago Bulls,106,,0,2020/2021,Dec,26,12,2020-12-26,,0.0,,2020-12-26,
Sat,2020-12-26,2020,8:30p,Toronto Raptors,114,San Antonio Spurs,119,,0,2020/2021,Dec,26,12,2020-12-26,,0.0,,2020-12-26,
Sat,2020-12-26,2020,9:00p,Minnesota Timberwolves,116,Utah Jazz,111,,1932,2020/2021,Dec,26,12,2020-12-26,,0.0,,2020-12-26,
Sat,2020-12-26,2020,10:00p,Houston Rockets,126,Portland Trail Blazers,128,OT,0,2020/2021,Dec,26,12,2020-12-26,,0.0,,2020-12-26,
Sat,2020-12-26,2020,10:00p,Phoenix Suns,103,Sacramento Kings,106,,0,2020/2021,Dec,26,12,2020-12-26,,0.0,,2020-12-26,
Sun,2020-12-27,2020,3:30p,Dallas Mavericks,124,Los Angeles Clippers,73,,0,2020/2021,Dec,27,12,2020-12-27,,0.0,,2020-12-27,
Sun,2020-12-27,2020,7:00p,San Antonio Spurs,95,New Orleans Pelicans,98,,750,2020/2021,Dec,27,12,2020-12-27,,0.0,,2020-12-27,
Sun,2020-12-27,2020,7:00p,Orlando Magic,120,Washington Wizards,113,,0,2020/2021,Dec,27,12,2020-12-27,,0.0,,2020-12-27,
Sun,2020-12-27,2020,7:00p,Brooklyn Nets,104,Charlotte Hornets,106,,0,2020/2021,Dec,27,12,2020-12-27,,0.0,,2020-12-27,
Sun,2020-12-27,2020,7:30p,Philadelphia 76ers,94,Cleveland Cavaliers,118,,300,2020/2021,Dec,27,12,2020-12-27,,0.0,,2020-12-27,
Sun,2020-12-27,2020,7:30p,Milwaukee Bucks,110,New York Knicks,130,,0,2020/2021,Dec,27,12,2020-12-27,,0.0,,2020-12-27,
Sun,2020-12-27,2020,8:00p,Boston Celtics,107,Indiana Pacers,108,,0,2020/2021,Dec,27,12,2020-12-27,,0.0,,2020-12-27,
Sun,2020-12-27,2020,8:00p,Golden State Warriors,129,Chicago Bulls,128,,0,2020/2021,Dec,27,12,2020-12-27,,0.0,,2020-12-27,
Sun,2020-12-27,2020,9:00p,Phoenix Suns,116,Sacramento Kings,100,,0,2020/2021,Dec,27,12,2020-12-27,,0.0,,2020-12-27,
Sun,2020-12-27,2020,10:00p,Minnesota Timberwolves,91,Los Angeles Lakers,127,,0,2020/2021,Dec,27,12,2020-12-27,,0.0,,2020-12-27,
Mon,2020-12-28,2020,7:30p,Memphis Grizzlies,116,Brooklyn Nets,111,OT,0,2020/2021,Dec,28,12,2020-12-28,,0.0,,2020-12-28,
Mon,2020-12-28,2020,7:30p,Detroit Pistons,120,Atlanta Hawks,128,,0,2020/2021,Dec,28,12,2020-12-28,,0.0,,2020-12-28,
Mon,2020-12-28,2020,8:00p,Utah Jazz,110,Oklahoma City Thunder,109,,0,2020/2021,Dec,28,12,2020-12-28,,0.0,,2020-12-28,
Mon,2020-12-28,2020,9:00p,Houston Rockets,111,Denver Nuggets,124,,0,2020/2021,Dec,28,12,2020-12-28,,0.0,,2020-12-28,
Mon,2020-12-28,2020,10:00p,Portland Trail Blazers,115,Los Angeles Lakers,107,,0,2020/2021,Dec,28,12,2020-12-28,,0.0,,2020-12-28,
Tue,2020-12-29,2020,7:00p,New York Knicks,95,Cleveland Cavaliers,86,,300,2020/2021,Dec,29,12,2020-12-29,,0.0,,2020-12-29,
Tue,2020-12-29,2020,7:00p,Golden State Warriors,116,Detroit Pistons,106,,0,2020/2021,Dec,29,12,2020-12-29,,0.0,,2020-12-29,
Tue,2020-12-29,2020,7:00p,Boston Celtics,116,Indiana Pacers,111,,0,2020/2021,Dec,29,12,2020-12-29,,0.0,,2020-12-29,
Tue,2020-12-29,2020,7:00p,Chicago Bulls,115,Washington Wizards,107,,0,2020/2021,Dec,29,12,2020-12-29,,0.0,,2020-12-29,
Tue,2020-12-29,2020,7:00p,Toronto Raptors,93,Philadelphia 76ers,100,,0,2020/2021,Dec,29,12,2020-12-29,,0.0,,2020-12-29,
Tue,2020-12-29,2020,7:30p,Milwaukee Bucks,144,Miami Heat,97,,0,2020/2021,Dec,29,12,2020-12-29,,0.0,,2020-12-29,
Tue,2020-12-29,2020,8:00p,Orlando Magic,118,Oklahoma City Thunder,107,,0,2020/2021,Dec,29,12,2020-12-29,,0.0,,2020-12-29,
Tue,2020-12-29,2020,10:00p,New Orleans Pelicans,86,Phoenix Suns,111,,0,2020/2021,Dec,29,12,2020-12-29,,0.0,,2020-12-29,
Tue,2020-12-29,2020,10:00p,Denver Nuggets,115,Sacramento Kings,125,,0,2020/2021,Dec,29,12,2020-12-29,,0.0,,2020-12-29,
Tue,2020-12-29,2020,10:00p,Minnesota Timberwolves,101,Los Angeles Clippers,124,,0,2020/2021,Dec,29,12,2020-12-29,,0.0,,2020-12-29,
Wed,2020-12-30,2020,7:30p,Milwaukee Bucks,108,Miami Heat,119,,0,2020/2021,Dec,30,12,2020-12-30,,0.0,,2020-12-30,
Wed,2020-12-30,2020,7:30p,Atlanta Hawks,141,Brooklyn Nets,145,,0,2020/2021,Dec,30,12,2020-12-30,,0.0,,2020-12-30,
Wed,2020-12-30,2020,7:30p,Memphis Grizzlies,107,Boston Celtics,126,,0,2020/2021,Dec,30,12,2020-12-30,,0.0,,2020-12-30,
Wed,2020-12-30,2020,8:30p,Charlotte Hornets,118,Dallas Mavericks,99,,0,2020/2021,Dec,30,12,2020-12-30,,0.0,,2020-12-30,
Wed,2020-12-30,2020,8:30p,Los Angeles Lakers,121,San Antonio Spurs,107,,0,2020/2021,Dec,30,12,2020-12-30,,0.0,,2020-12-30,
Wed,2020-12-30,2020,10:00p,Portland Trail Blazers,105,Los Angeles Clippers,128,,0,2020/2021,Dec,30,12,2020-12-30,,0.0,,2020-12-30,
Thu,2020-12-31,2020,3:00p,Cleveland Cavaliers,99,Indiana Pacers,119,,0,2020/2021,Dec,31,12,2020-12-31,,0.0,,2020-12-31,
Thu,2020-12-31,2020,5:00p,Chicago Bulls,133,Washington Wizards,130,,0,2020/2021,Dec,31,12,2020-12-31,,0.0,,2020-12-31,
Thu,2020-12-31,2020,6:30p,Philadelphia 76ers,116,Orlando Magic,92,,3247,2020/2021,Dec,31,12,2020-12-31,,0.0,,2020-12-31,
Thu,2020-12-31,2020,7:00p,Sacramento Kings,119,Houston Rockets,122,,3247,2020/2021,Dec,31,12,2020-12-31,,0.0,,2020-12-31,
Thu,2020-12-31,2020,7:30p,New York Knicks,83,Toronto Raptors,100,,3449,2020/2021,Dec,31,12,2020-12-31,,0.0,,2020-12-31,
Thu,2020-12-31,2020,8:00p,New Orleans Pelicans,113,Oklahoma City Thunder,80,,0,2020/2021,Dec,31,12,2020-12-31,,0.0,,2020-12-31,
Thu,2020-12-31,2020,9:00p,Phoenix Suns,106,Utah Jazz,95,,1932,2020/2021,Dec,31,12,2020-12-31,,0.0,,2020-12-31,
Fri,2021-01-01,2021,7:00p,Memphis Grizzlies,108,Charlotte Hornets,93,,0,2020/2021,Jan,1,1,2021-01-01,,0.0,,2021-01-01,
Fri,2021-01-01,2021,7:00p,Miami Heat,83,Dallas Mavericks,93,,0,2020/2021,Jan,1,1,2021-01-01,,0.0,,2021-01-01,
Fri,2021-01-01,2021,7:00p,Boston Celtics,93,Detroit Pistons,96,,0,2020/2021,Jan,1,1,2021-01-01,,0.0,,2021-01-01,
Fri,2021-01-01,2021,7:30p,Atlanta Hawks,114,Brooklyn Nets,96,,0,2020/2021,Jan,1,1,2021-01-01,,0.0,,2021-01-01,
Fri,2021-01-01,2021,8:00p,Chicago Bulls,96,Milwaukee Bucks,126,,0,2020/2021,Jan,1,1,2021-01-01,,0.0,,2021-01-01,
Fri,2021-01-01,2021,8:00p,Washington Wizards,130,Minnesota Timberwolves,109,,0,2020/2021,Jan,1,1,2021-01-01,,0.0,,2021-01-01,
Fri,2021-01-01,2021,8:00p,Los Angeles Lakers,109,San Antonio Spurs,103,,0,2020/2021,Jan,1,1,2021-01-01,,0.0,,2021-01-01,
Fri,2021-01-01,2021,9:00p,Phoenix Suns,106,Denver Nuggets,103,,0,2020/2021,Jan,1,1,2021-01-01,,0.0,,2021-01-01,
Fri,2021-01-01,2021,9:00p,Los Angeles Clippers,100,Utah Jazz,106,,1932,2020/2021,Jan,1,1,2021-01-01,,0.0,,2021-01-01,
Fri,2021-01-01,2021,10:30p,Portland Trail Blazers,123,Golden State Warriors,98,,0,2020/2021,Jan,1,1,2021-01-01,,0.0,,2021-01-01,
Sat,2021-01-02,2021,5:00p,Sacramento Kings,94,Houston Rockets,102,,3065,2020/2021,Jan,2,1,2021-01-02,,0.0,,2021-01-02,
Sat,2021-01-02,2021,7:00p,New York Knicks,106,Indiana Pacers,102,,0,2020/2021,Jan,2,1,2021-01-02,,0.0,,2021-01-02,
Sat,2021-01-02,2021,7:00p,Oklahoma City Thunder,108,Orlando Magic,99,,3339,2020/2021,Jan,2,1,2021-01-02,,0.0,,2021-01-02,
Sat,2021-01-02,2021,7:00p,Charlotte Hornets,112,Philadelphia 76ers,127,,0,2020/2021,Jan,2,1,2021-01-02,,0.0,,2021-01-02,
Sat,2021-01-02,2021,7:30p,Cleveland Cavaliers,96,Atlanta Hawks,91,,0,2020/2021,Jan,2,1,2021-01-02,,0.0,,2021-01-02,
Sat,2021-01-02,2021,7:30p,Toronto Raptors,116,New Orleans Pelicans,120,,750,2020/2021,Jan,2,1,2021-01-02,,0.0,,2021-01-02,
Sun,2021-01-03,2021,3:00p,Boston Celtics,122,Detroit Pistons,120,,0,2020/2021,Jan,3,1,2021-01-03,,0.0,,2021-01-03,
Sun,2021-01-03,2021,6:00p,Washington Wizards,123,Brooklyn Nets,122,,0,2020/2021,Jan,3,1,2021-01-03,,0.0,,2021-01-03,
Sun,2021-01-03,2021,6:00p,Los Angeles Lakers,108,Memphis Grizzlies,94,,0,2020/2021,Jan,3,1,2021-01-03,,0.0,,2021-01-03,
Sun,2021-01-03,2021,7:00p,Denver Nuggets,124,Minnesota Timberwolves,109,,0,2020/2021,Jan,3,1,2021-01-03,,0.0,,2021-01-03,
Sun,2021-01-03,2021,7:00p,Utah Jazz,130,San Antonio Spurs,109,,0,2020/2021,Jan,3,1,2021-01-03,,0.0,,2021-01-03,
Sun,2021-01-03,2021,8:00p,Dallas Mavericks,108,Chicago Bulls,118,,0,2020/2021,Jan,3,1,2021-01-03,,0.0,,2021-01-03,
Sun,2021-01-03,2021,8:00p,Los Angeles Clippers,112,Phoenix Suns,107,,0,2020/2021,Jan,3,1,2021-01-03,,0.0,,2021-01-03,
Sun,2021-01-03,2021,8:30p,Portland Trail Blazers,122,Golden State Warriors,137,,0,2020/2021,Jan,3,1,2021-01-03,,0.0,,2021-01-03,
Mon,2021-01-04,2021,7:00p,Cleveland Cavaliers,83,Orlando Magic,103,,2726,2020/2021,Jan,4,1,2021-01-04,,0.0,,2021-01-04,
Mon,2021-01-04,2021,7:00p,Charlotte Hornets,101,Philadelphia 76ers,118,,0,2020/2021,Jan,4,1,2021-01-04,,0.0,,2021-01-04,
Mon,2021-01-04,2021,7:30p,New York Knicks,113,Atlanta Hawks,108,,0,2020/2021,Jan,4,1,2021-01-04,,0.0,,2021-01-04,
Mon,2021-01-04,2021,7:30p,Oklahoma City Thunder,90,Miami Heat,118,,0,2020/2021,Jan,4,1,2021-01-04,,0.0,,2021-01-04,
Mon,2021-01-04,2021,7:30p,Boston Celtics,126,Toronto Raptors,114,,3740,2020/2021,Jan,4,1,2021-01-04,,0.0,,2021-01-04,
Mon,2021-01-04,2021,8:00p,Dallas Mavericks,113,Houston Rockets,100,,3070,2020/2021,Jan,4,1,2021-01-04,,0.0,,2021-01-04,
Mon,2021-01-04,2021,8:00p,Detroit Pistons,115,Milwaukee Bucks,125,,0,2020/2021,Jan,4,1,2021-01-04,,0.0,,2021-01-04,
Mon,2021-01-04,2021,8:00p,Indiana Pacers,118,New Orleans Pelicans,116,OT,750,2020/2021,Jan,4,1,2021-01-04,,0.0,,2021-01-04,
Mon,2021-01-04,2021,10:00p,Sacramento Kings,106,Golden State Warriors,137,,0,2020/2021,Jan,4,1,2021-01-04,,0.0,,2021-01-04,
Tue,2021-01-05,2021,7:30p,Utah Jazz,96,Brooklyn Nets,130,,0,2020/2021,Jan,5,1,2021-01-05,,0.0,,2021-01-05,
Tue,2021-01-05,2021,8:00p,Los Angeles Lakers,94,Memphis Grizzlies,92,,0,2020/2021,Jan,5,1,2021-01-05,,0.0,,2021-01-05,
Tue,2021-01-05,2021,9:00p,Minnesota Timberwolves,116,Denver Nuggets,123,,0,2020/2021,Jan,5,1,2021-01-05,,0.0,,2021-01-05,
Tue,2021-01-05,2021,10:00p,San Antonio Spurs,116,Los Angeles Clippers,113,,0,2020/2021,Jan,5,1,2021-01-05,,0.0,,2021-01-05,
Tue,2021-01-05,2021,10:30p,Chicago Bulls,111,Portland Trail Blazers,108,,0,2020/2021,Jan,5,1,2021-01-05,,0.0,,2021-01-05,
Wed,2021-01-06,2021,7:00p,Houston Rockets,107,Indiana Pacers,114,,0,2020/2021,Jan,6,1,2021-01-06,,0.0,,2021-01-06,
Wed,2021-01-06,2021,7:00p,Cleveland Cavaliers,94,Orlando Magic,105,,2948,2020/2021,Jan,6,1,2021-01-06,,0.0,,2021-01-06,
Wed,2021-01-06,2021,7:00p,Washington Wizards,136,Philadelphia 76ers,141,,0,2020/2021,Jan,6,1,2021-01-06,,0.0,,2021-01-06,
Wed,2021-01-06,2021,7:30p,Charlotte Hornets,102,Atlanta Hawks,94,,0,2020/2021,Jan,6,1,2021-01-06,,0.0,,2021-01-06,
Wed,2021-01-06,2021,7:30p,Boston Celtics,107,Miami Heat,105,,0,2020/2021,Jan,6,1,2021-01-06,,0.0,,2021-01-06,
Wed,2021-01-06,2021,7:30p,Utah Jazz,100,New York Knicks,112,,0,2020/2021,Jan,6,1,2021-01-06,,0.0,,2021-01-06,
Wed,2021-01-06,2021,8:00p,Detroit Pistons,115,Milwaukee Bucks,130,,0,2020/2021,Jan,6,1,2021-01-06,,0.0,,2021-01-06,
Wed,2021-01-06,2021,8:00p,Oklahoma City Thunder,111,New Orleans Pelicans,110,,750,2020/2021,Jan,6,1,2021-01-06,,0.0,,2021-01-06,
Wed,2021-01-06,2021,9:00p,Toronto Raptors,115,Phoenix Suns,123,,0,2020/2021,Jan,6,1,2021-01-06,,0.0,,2021-01-06,
Wed,2021-01-06,2021,10:00p,Los Angeles Clippers,108,Golden State Warriors,101,,0,2020/2021,Jan,6,1,2021-01-06,,0.0,,2021-01-06,
Wed,2021-01-06,2021,10:00p,Chicago Bulls,124,Sacramento Kings,128,,0,2020/2021,Jan,6,1,2021-01-06,,0.0,,2021-01-06,
Thu,2021-01-07,2021,7:30p,Philadelphia 76ers,109,Brooklyn Nets,122,,0,2020/2021,Jan,7,1,2021-01-07,,0.0,,2021-01-07,
Thu,2021-01-07,2021,8:00p,Cleveland Cavaliers,94,Memphis Grizzlies,90,,0,2020/2021,Jan,7,1,2021-01-07,,0.0,,2021-01-07,
Thu,2021-01-07,2021,10:00p,Dallas Mavericks,124,Denver Nuggets,117,OT,0,2020/2021,Jan,7,1,2021-01-07,,0.0,,2021-01-07,
Thu,2021-01-07,2021,10:00p,San Antonio Spurs,118,Los Angeles Lakers,109,,0,2020/2021,Jan,7,1,2021-01-07,,0.0,,2021-01-07,
Thu,2021-01-07,2021,10:00p,Minnesota Timberwolves,117,Portland Trail Blazers,135,,0,2020/2021,Jan,7,1,2021-01-07,,0.0,,2021-01-07,
Fri,2021-01-08,2021,7:00p,Phoenix Suns,105,Detroit Pistons,110,OT,0,2020/2021,Jan,8,1,2021-01-08,,0.0,,2021-01-08,
Fri,2021-01-08,2021,7:30p,Washington Wizards,107,Boston Celtics,116,,0,2020/2021,Jan,8,1,2021-01-08,,0.0,,2021-01-08,
Fri,2021-01-08,2021,7:30p,Charlotte Hornets,118,New Orleans Pelicans,110,,750,2020/2021,Jan,8,1,2021-01-08,,0.0,,2021-01-08,
Fri,2021-01-08,2021,7:30p,Oklahoma City Thunder,101,New York Knicks,89,,0,2020/2021,Jan,8,1,2021-01-08,,0.0,,2021-01-08,
Fri,2021-01-08,2021,8:00p,Orlando Magic,90,Houston Rockets,132,,3039,2020/2021,Jan,8,1,2021-01-08,,0.0,,2021-01-08,
Fri,2021-01-08,2021,8:00p,Brooklyn Nets,110,Memphis Grizzlies,115,,0,2020/2021,Jan,8,1,2021-01-08,,0.0,,2021-01-08,
Fri,2021-01-08,2021,8:00p,Utah Jazz,131,Milwaukee Bucks,118,,0,2020/2021,Jan,8,1,2021-01-08,,0.0,,2021-01-08,
Fri,2021-01-08,2021,10:00p,Los Angeles Clippers,105,Golden State Warriors,115,,0,2020/2021,Jan,8,1,2021-01-08,,0.0,,2021-01-08,
Fri,2021-01-08,2021,10:00p,Chicago Bulls,115,Los Angeles Lakers,117,,0,2020/2021,Jan,8,1,2021-01-08,,0.0,,2021-01-08,
Fri,2021-01-08,2021,10:00p,Toronto Raptors,144,Sacramento Kings,123,,0,2020/2021,Jan,8,1,2021-01-08,,0.0,,2021-01-08,
Sat,2021-01-09,2021,3:00p,Denver Nuggets,115,Philadelphia 76ers,103,,0,2020/2021,Jan,9,1,2021-01-09,,0.0,,2021-01-09,
Sat,2021-01-09,2021,7:00p,Atlanta Hawks,105,Charlotte Hornets,113,,0,2020/2021,Jan,9,1,2021-01-09,,0.0,,2021-01-09,
Sat,2021-01-09,2021,7:00p,Phoenix Suns,125,Indiana Pacers,117,,0,2020/2021,Jan,9,1,2021-01-09,,0.0,,2021-01-09,
Sat,2021-01-09,2021,7:00p,Miami Heat,128,Washington Wizards,124,,0,2020/2021,Jan,9,1,2021-01-09,,0.0,,2021-01-09,
Sat,2021-01-09,2021,8:00p,Cleveland Cavaliers,90,Milwaukee Bucks,100,,0,2020/2021,Jan,9,1,2021-01-09,,0.0,,2021-01-09,
Sat,2021-01-09,2021,8:00p,San Antonio Spurs,125,Minnesota Timberwolves,122,OT,0,2020/2021,Jan,9,1,2021-01-09,,0.0,,2021-01-09,
Sat,2021-01-09,2021,8:30p,Orlando Magic,98,Dallas Mavericks,112,,0,2020/2021,Jan,9,1,2021-01-09,,0.0,,2021-01-09,
Sat,2021-01-09,2021,10:00p,Portland Trail Blazers,125,Sacramento Kings,99,,0,2020/2021,Jan,9,1,2021-01-09,,0.0,,2021-01-09,
Sun,2021-01-10,2021,3:00p,Utah Jazz,96,Detroit Pistons,86,,0,2020/2021,Jan,10,1,2021-01-10,,0.0,,2021-01-10,
Sun,2021-01-10,2021,4:00p,Chicago Bulls,127,Los Angeles Clippers,130,,0,2020/2021,Jan,10,1,2021-01-10,,0.0,,2021-01-10,
Sun,2021-01-10,2021,6:00p,Oklahoma City Thunder,129,Brooklyn Nets,116,,0,2020/2021,Jan,10,1,2021-01-10,,0.0,,2021-01-10,
Sun,2021-01-10,2021,6:00p,Denver Nuggets,114,New York Knicks,89,,0,2020/2021,Jan,10,1,2021-01-10,,0.0,,2021-01-10,
Sun,2021-01-10,2021,7:00p,Los Angeles Lakers,120,Houston Rockets,102,,3327,2020/2021,Jan,10,1,2021-01-10,,0.0,,2021-01-10,
Sun,2021-01-10,2021,8:00p,San Antonio Spurs,88,Minnesota Timberwolves,96,,0,2020/2021,Jan,10,1,2021-01-10,,0.0,,2021-01-10,
Sun,2021-01-10,2021,8:30p,Toronto Raptors,105,Golden State Warriors,106,,0,2020/2021,Jan,10,1,2021-01-10,,0.0,,2021-01-10,
Mon,2021-01-11,2021,7:00p,New York Knicks,88,Charlotte Hornets,109,,0,2020/2021,Jan,11,1,2021-01-11,,0.0,,2021-01-11,
Mon,2021-01-11,2021,7:00p,Memphis Grizzlies,101,Cleveland Cavaliers,91,,1944,2020/2021,Jan,11,1,2021-01-11,,0.0,,2021-01-11,
Mon,2021-01-11,2021,7:00p,Milwaukee Bucks,121,Orlando Magic,99,,3248,2020/2021,Jan,11,1,2021-01-11,,0.0,,2021-01-11,
Mon,2021-01-11,2021,7:00p,Phoenix Suns,107,Washington Wizards,128,,0,2020/2021,Jan,11,1,2021-01-11,,0.0,,2021-01-11,
Mon,2021-01-11,2021,7:30p,Philadelphia 76ers,94,Atlanta Hawks,112,,0,2020/2021,Jan,11,1,2021-01-11,,0.0,,2021-01-11,
Mon,2021-01-11,2021,10:00p,Toronto Raptors,111,Portland Trail Blazers,112,,0,2020/2021,Jan,11,1,2021-01-11,,0.0,,2021-01-11,
Mon,2021-01-11,2021,10:00p,Indiana Pacers,122,Sacramento Kings,127,,0,2020/2021,Jan,11,1,2021-01-11,,0.0,,2021-01-11,
Tue,2021-01-12,2021,7:00p,Miami Heat,134,Philadelphia 76ers,137,OT,0,2020/2021,Jan,12,1,2021-01-12,,0.0,,2021-01-12,
Tue,2021-01-12,2021,7:30p,Denver Nuggets,116,Brooklyn Nets,122,,0,2020/2021,Jan,12,1,2021-01-12,,0.0,,2021-01-12,
Tue,2021-01-12,2021,7:30p,Utah Jazz,117,Cleveland Cavaliers,87,,1944,2020/2021,Jan,12,1,2021-01-12,,0.0,,2021-01-12,
Tue,2021-01-12,2021,8:00p,Los Angeles Lakers,117,Houston Rockets,100,,3221,2020/2021,Jan,12,1,2021-01-12,,0.0,,2021-01-12,
Tue,2021-01-12,2021,8:00p,San Antonio Spurs,112,Oklahoma City Thunder,102,,0,2020/2021,Jan,12,1,2021-01-12,,0.0,,2021-01-12,
Tue,2021-01-12,2021,10:30p,Indiana Pacers,104,Golden State Warriors,95,,0,2020/2021,Jan,12,1,2021-01-12,,0.0,,2021-01-12,
Wed,2021-01-13,2021,7:00p,Dallas Mavericks,104,Charlotte Hornets,93,,0,2020/2021,Jan,13,1,2021-01-13,,0.0,,2021-01-13,
Wed,2021-01-13,2021,7:00p,Milwaukee Bucks,110,Detroit Pistons,101,,0,2020/2021,Jan,13,1,2021-01-13,,0.0,,2021-01-13,
Wed,2021-01-13,2021,7:30p,Brooklyn Nets,116,New York Knicks,109,,0,2020/2021,Jan,13,1,2021-01-13,,0.0,,2021-01-13,
Wed,2021-01-13,2021,8:00p,Memphis Grizzlies,118,Minnesota Timberwolves,107,,0,2020/2021,Jan,13,1,2021-01-13,,0.0,,2021-01-13,
Wed,2021-01-13,2021,8:00p,Los Angeles Lakers,128,Oklahoma City Thunder,99,,0,2020/2021,Jan,13,1,2021-01-13,,0.0,,2021-01-13,
Wed,2021-01-13,2021,10:00p,New Orleans Pelicans,106,Los Angeles Clippers,111,,0,2020/2021,Jan,13,1,2021-01-13,,0.0,,2021-01-13,
Wed,2021-01-13,2021,10:00p,Portland Trail Blazers,132,Sacramento Kings,126,,0,2020/2021,Jan,13,1,2021-01-13,,0.0,,2021-01-13,
Thu,2021-01-14,2021,7:00p,Miami Heat,108,Philadelphia 76ers,125,,0,2020/2021,Jan,14,1,2021-01-14,,0.0,,2021-01-14,
Thu,2021-01-14,2021,7:30p,Houston Rockets,109,San Antonio Spurs,105,,0,2020/2021,Jan,14,1,2021-01-14,,0.0,,2021-01-14,
Thu,2021-01-14,2021,7:30p,Charlotte Hornets,108,Toronto Raptors,111,,0,2020/2021,Jan,14,1,2021-01-14,,0.0,,2021-01-14,
Thu,2021-01-14,2021,10:00p,Golden State Warriors,104,Denver Nuggets,114,,0,2020/2021,Jan,14,1,2021-01-14,,0.0,,2021-01-14,
Thu,2021-01-14,2021,10:00p,Indiana Pacers,111,Portland Trail Blazers,87,,0,2020/2021,Jan,14,1,2021-01-14,,0.0,,2021-01-14,
Fri,2021-01-15,2021,7:30p,Orlando Magic,97,Boston Celtics,124,,0,2020/2021,Jan,15,1,2021-01-15,,0.0,,2021-01-15,
Fri,2021-01-15,2021,7:30p,New York Knicks,103,Cleveland Cavaliers,106,,1944,2020/2021,Jan,15,1,2021-01-15,,0.0,,2021-01-15,
Fri,2021-01-15,2021,7:30p,Dallas Mavericks,109,Milwaukee Bucks,112,,0,2020/2021,Jan,15,1,2021-01-15,,0.0,,2021-01-15,
Fri,2021-01-15,2021,8:00p,Chicago Bulls,125,Oklahoma City Thunder,127,OT,0,2020/2021,Jan,15,1,2021-01-15,,0.0,,2021-01-15,
Fri,2021-01-15,2021,9:00p,Atlanta Hawks,92,Utah Jazz,116,,1932,2020/2021,Jan,15,1,2021-01-15,,0.0,,2021-01-15,
Fri,2021-01-15,2021,10:00p,New Orleans Pelicans,95,Los Angeles Lakers,112,,0,2020/2021,Jan,15,1,2021-01-15,,0.0,,2021-01-15,
Fri,2021-01-15,2021,10:00p,Los Angeles Clippers,138,Sacramento Kings,100,,0,2020/2021,Jan,15,1,2021-01-15,,0.0,,2021-01-15,
Sat,2021-01-16,2021,5:00p,Houston Rockets,91,San Antonio Spurs,103,,0,2020/2021,Jan,16,1,2021-01-16,,0.0,,2021-01-16,
Sat,2021-01-16,2021,6:00p,Orlando Magic,115,Brooklyn Nets,122,,0,2020/2021,Jan,16,1,2021-01-16,,0.0,,2021-01-16,
Sat,2021-01-16,2021,7:30p,Charlotte Hornets,113,Toronto Raptors,116,,0,2020/2021,Jan,16,1,2021-01-16,,0.0,,2021-01-16,
Sat,2021-01-16,2021,8:00p,Philadelphia 76ers,104,Memphis Grizzlies,106,,206,2020/2021,Jan,16,1,2021-01-16,,0.0,,2021-01-16,
Sat,2021-01-16,2021,8:00p,Detroit Pistons,120,Miami Heat,100,,0,2020/2021,Jan,16,1,2021-01-16,,0.0,,2021-01-16,
Sat,2021-01-16,2021,10:00p,Atlanta Hawks,106,Portland Trail Blazers,112,,0,2020/2021,Jan,16,1,2021-01-16,,0.0,,2021-01-16,
Sun,2021-01-17,2021,1:00p,New York Knicks,105,Boston Celtics,75,,0,2020/2021,Jan,17,1,2021-01-17,,0.0,,2021-01-17,
Sun,2021-01-17,2021,3:00p,Chicago Bulls,117,Dallas Mavericks,101,,0,2020/2021,Jan,17,1,2021-01-17,,0.0,,2021-01-17,
Sun,2021-01-17,2021,8:00p,Utah Jazz,109,Denver Nuggets,105,,0,2020/2021,Jan,17,1,2021-01-17,,0.0,,2021-01-17,
Sun,2021-01-17,2021,9:00p,New Orleans Pelicans,128,Sacramento Kings,123,,0,2020/2021,Jan,17,1,2021-01-17,,0.0,,2021-01-17,
Sun,2021-01-17,2021,10:00p,Indiana Pacers,96,Los Angeles Clippers,129,,0,2020/2021,Jan,17,1,2021-01-17,,0.0,,2021-01-17,
Mon,2021-01-18,2021,12:00p,Orlando Magic,84,New York Knicks,91,,0,2020/2021,Jan,18,1,2021-01-18,,0.0,,2021-01-18,
Mon,2021-01-18,2021,2:30p,Minnesota Timberwolves,97,Atlanta Hawks,108,,0,2020/2021,Jan,18,1,2021-01-18,,0.0,,2021-01-18,
Mon,2021-01-18,2021,3:00p,San Antonio Spurs,125,Portland Trail Blazers,104,,0,2020/2021,Jan,18,1,2021-01-18,,0.0,,2021-01-18,
Mon,2021-01-18,2021,5:00p,Phoenix Suns,104,Memphis Grizzlies,108,,204,2020/2021,Jan,18,1,2021-01-18,,0.0,,2021-01-18,
Mon,2021-01-18,2021,7:30p,Milwaukee Bucks,123,Brooklyn Nets,125,,0,2020/2021,Jan,18,1,2021-01-18,,0.0,,2021-01-18,
Mon,2021-01-18,2021,7:30p,Dallas Mavericks,93,Toronto Raptors,116,,0,2020/2021,Jan,18,1,2021-01-18,,0.0,,2021-01-18,
Mon,2021-01-18,2021,8:00p,Houston Rockets,120,Chicago Bulls,125,,0,2020/2021,Jan,18,1,2021-01-18,,0.0,,2021-01-18,
Mon,2021-01-18,2021,8:00p,Detroit Pistons,107,Miami Heat,113,,0,2020/2021,Jan,18,1,2021-01-18,,0.0,,2021-01-18,
Mon,2021-01-18,2021,10:00p,Golden State Warriors,115,Los Angeles Lakers,113,,0,2020/2021,Jan,18,1,2021-01-18,,0.0,,2021-01-18,
Tue,2021-01-19,2021,9:00p,Oklahoma City Thunder,101,Denver Nuggets,119,,0,2020/2021,Jan,19,1,2021-01-19,,0.0,,2021-01-19,
Tue,2021-01-19,2021,9:00p,New Orleans Pelicans,102,Utah Jazz,118,,1932,2020/2021,Jan,19,1,2021-01-19,,0.0,,2021-01-19,
Wed,2021-01-20,2021,7:00p,Brooklyn Nets,135,Cleveland Cavaliers,147,2OT,1944,2020/2021,Jan,20,1,2021-01-20,,0.0,,2021-01-20,
Wed,2021-01-20,2021,7:00p,Dallas Mavericks,124,Indiana Pacers,112,,0,2020/2021,Jan,20,1,2021-01-20,,0.0,,2021-01-20,
Wed,2021-01-20,2021,7:00p,Boston Celtics,109,Philadelphia 76ers,117,,0,2020/2021,Jan,20,1,2021-01-20,,0.0,,2021-01-20,
Wed,2021-01-20,2021,7:30p,Detroit Pistons,115,Atlanta Hawks,123,OT,0,2020/2021,Jan,20,1,2021-01-20,,0.0,,2021-01-20,
Wed,2021-01-20,2021,7:30p,Miami Heat,111,Toronto Raptors,102,,0,2020/2021,Jan,20,1,2021-01-20,,0.0,,2021-01-20,
Wed,2021-01-20,2021,8:00p,Orlando Magic,97,Minnesota Timberwolves,96,,0,2020/2021,Jan,20,1,2021-01-20,,0.0,,2021-01-20,
Wed,2021-01-20,2021,9:30p,Phoenix Suns,109,Houston Rockets,103,,3022,2020/2021,Jan,20,1,2021-01-20,,0.0,,2021-01-20,
Wed,2021-01-20,2021,10:00p,San Antonio Spurs,99,Golden State Warriors,121,,0,2020/2021,Jan,20,1,2021-01-20,,0.0,,2021-01-20,
Wed,2021-01-20,2021,10:00p,Sacramento Kings,96,Los Angeles Clippers,115,,0,2020/2021,Jan,20,1,2021-01-20,,0.0,,2021-01-20,
Thu,2021-01-21,2021,7:30p,Los Angeles Lakers,113,Milwaukee Bucks,106,,0,2020/2021,Jan,21,1,2021-01-21,,0.0,,2021-01-21,
Thu,2021-01-21,2021,10:00p,New York Knicks,119,Golden State Warriors,104,,0,2020/2021,Jan,21,1,2021-01-21,,0.0,,2021-01-21,
Thu,2021-01-21,2021,10:00p,New Orleans Pelicans,118,Utah Jazz,129,,1932,2020/2021,Jan,21,1,2021-01-21,,0.0,,2021-01-21,
Fri,2021-01-22,2021,7:00p,Chicago Bulls,123,Charlotte Hornets,110,,0,2020/2021,Jan,22,1,2021-01-22,,0.0,,2021-01-22,
Fri,2021-01-22,2021,7:00p,Houston Rockets,103,Detroit Pistons,102,,0,2020/2021,Jan,22,1,2021-01-22,,0.0,,2021-01-22,
Fri,2021-01-22,2021,7:00p,Orlando Magic,118,Indiana Pacers,120,OT,0,2020/2021,Jan,22,1,2021-01-22,,0.0,,2021-01-22,
Fri,2021-01-22,2021,7:30p,Brooklyn Nets,113,Cleveland Cavaliers,125,,1944,2020/2021,Jan,22,1,2021-01-22,,0.0,,2021-01-22,
Fri,2021-01-22,2021,7:30p,Boston Celtics,110,Philadelphia 76ers,122,,0,2020/2021,Jan,22,1,2021-01-22,,0.0,,2021-01-22,
Fri,2021-01-22,2021,7:30p,Miami Heat,81,Toronto Raptors,101,,0,2020/2021,Jan,22,1,2021-01-22,,0.0,,2021-01-22,
Fri,2021-01-22,2021,8:00p,Atlanta Hawks,116,Minnesota Timberwolves,98,,0,2020/2021,Jan,22,1,2021-01-22,,0.0,,2021-01-22,
Fri,2021-01-22,2021,8:30p,Dallas Mavericks,122,San Antonio Spurs,117,,0,2020/2021,Jan,22,1,2021-01-22,,0.0,,2021-01-22,
Fri,2021-01-22,2021,10:00p,Oklahoma City Thunder,106,Los Angeles Clippers,120,,0,2020/2021,Jan,22,1,2021-01-22,,0.0,,2021-01-22,
Fri,2021-01-22,2021,10:00p,Denver Nuggets,130,Phoenix Suns,126,OT,0,2020/2021,Jan,22,1,2021-01-22,,0.0,,2021-01-22,
Fri,2021-01-22,2021,10:00p,New York Knicks,94,Sacramento Kings,103,,0,2020/2021,Jan,22,1,2021-01-22,,0.0,,2021-01-22,
Sat,2021-01-23,2021,8:00p,Miami Heat,124,Brooklyn Nets,128,,0,2020/2021,Jan,23,1,2021-01-23,,0.0,,2021-01-23,
Sat,2021-01-23,2021,8:00p,Philadelphia 76ers,114,Detroit Pistons,110,,0,2020/2021,Jan,23,1,2021-01-23,,0.0,,2021-01-23,
Sat,2021-01-23,2021,8:00p,New Orleans Pelicans,110,Minnesota Timberwolves,120,,0,2020/2021,Jan,23,1,2021-01-23,,0.0,,2021-01-23,
Sat,2021-01-23,2021,9:00p,Los Angeles Lakers,101,Chicago Bulls,90,,0,2020/2021,Jan,23,1,2021-01-23,,0.0,,2021-01-23,
Sat,2021-01-23,2021,9:00p,Houston Rockets,133,Dallas Mavericks,108,,0,2020/2021,Jan,23,1,2021-01-23,,0.0,,2021-01-23,
Sat,2021-01-23,2021,9:00p,Denver Nuggets,120,Phoenix Suns,112,2OT,0,2020/2021,Jan,23,1,2021-01-23,,0.0,,2021-01-23,
Sat,2021-01-23,2021,9:00p,Golden State Warriors,108,Utah Jazz,127,,1932,2020/2021,Jan,23,1,2021-01-23,,0.0,,2021-01-23,
Sun,2021-01-24,2021,1:00p,Toronto Raptors,107,Indiana Pacers,102,,0,2020/2021,Jan,24,1,2021-01-24,,0.0,,2021-01-24,
Sun,2021-01-24,2021,4:00p,Oklahoma City Thunder,100,Los Angeles Clippers,108,,0,2020/2021,Jan,24,1,2021-01-24,,0.0,,2021-01-24,
Sun,2021-01-24,2021,7:00p,Cleveland Cavaliers,103,Boston Celtics,141,,0,2020/2021,Jan,24,1,2021-01-24,,0.0,,2021-01-24,
Sun,2021-01-24,2021,7:00p,Charlotte Hornets,107,Orlando Magic,104,,3507,2020/2021,Jan,24,1,2021-01-24,,0.0,,2021-01-24,
Sun,2021-01-24,2021,8:00p,Atlanta Hawks,115,Milwaukee Bucks,129,,0,2020/2021,Jan,24,1,2021-01-24,,0.0,,2021-01-24,
Sun,2021-01-24,2021,8:00p,Washington Wizards,101,San Antonio Spurs,121,,0,2020/2021,Jan,24,1,2021-01-24,,0.0,,2021-01-24,
Sun,2021-01-24,2021,10:00p,New York Knicks,113,Portland Trail Blazers,116,,0,2020/2021,Jan,24,1,2021-01-24,,0.0,,2021-01-24,
Mon,2021-01-25,2021,7:00p,Philadelphia 76ers,104,Detroit Pistons,119,,0,2020/2021,Jan,25,1,2021-01-25,,0.0,,2021-01-25,
Mon,2021-01-25,2021,7:00p,Toronto Raptors,114,Indiana Pacers,129,,0,2020/2021,Jan,25,1,2021-01-25,,0.0,,2021-01-25,
Mon,2021-01-25,2021,7:00p,Charlotte Hornets,108,Orlando Magic,117,,3167,2020/2021,Jan,25,1,2021-01-25,,0.0,,2021-01-25,
Mon,2021-01-25,2021,7:30p,Miami Heat,85,Brooklyn Nets,98,,0,2020/2021,Jan,25,1,2021-01-25,,0.0,,2021-01-25,
Mon,2021-01-25,2021,8:00p,Los Angeles Lakers,115,Cleveland Cavaliers,108,,0,2020/2021,Jan,25,1,2021-01-25,,0.0,,2021-01-25,
Mon,2021-01-25,2021,8:30p,Denver Nuggets,117,Dallas Mavericks,113,,0,2020/2021,Jan,25,1,2021-01-25,,0.0,,2021-01-25,
Mon,2021-01-25,2021,9:00p,Boston Celtics,119,Chicago Bulls,103,,0,2020/2021,Jan,25,1,2021-01-25,,0.0,,2021-01-25,
Mon,2021-01-25,2021,10:00p,Minnesota Timberwolves,108,Golden State Warriors,130,,0,2020/2021,Jan,25,1,2021-01-25,,0.0,,2021-01-25,
Mon,2021-01-25,2021,10:00p,Oklahoma City Thunder,125,Portland Trail Blazers,122,,0,2020/2021,Jan,25,1,2021-01-25,,0.0,,2021-01-25,
Tue,2021-01-26,2021,7:30p,Los Angeles Clippers,99,Atlanta Hawks,108,,1180,2020/2021,Jan,26,1,2021-01-26,,0.0,,2021-01-26,
Tue,2021-01-26,2021,8:00p,Washington Wizards,88,Houston Rockets,107,,2996,2020/2021,Jan,26,1,2021-01-26,,0.0,,2021-01-26,
Tue,2021-01-26,2021,9:00p,New York Knicks,94,Utah Jazz,108,,1932,2020/2021,Jan,26,1,2021-01-26,,0.0,,2021-01-26,
Wed,2021-01-27,2021,7:00p,Indiana Pacers,116,Charlotte Hornets,106,,0,2020/2021,Jan,27,1,2021-01-27,,0.0,,2021-01-27,
Wed,2021-01-27,2021,7:00p,Detroit Pistons,107,Cleveland Cavaliers,122,,1944,2020/2021,Jan,27,1,2021-01-27,,0.0,,2021-01-27,
Wed,2021-01-27,2021,7:00p,Sacramento Kings,121,Orlando Magic,107,,3216,2020/2021,Jan,27,1,2021-01-27,,0.0,,2021-01-27,
Wed,2021-01-27,2021,7:30p,Brooklyn Nets,132,Atlanta Hawks,128,OT,1008,2020/2021,Jan,27,1,2021-01-27,,0.0,,2021-01-27,
Wed,2021-01-27,2021,7:30p,Denver Nuggets,109,Miami Heat,82,,0,2020/2021,Jan,27,1,2021-01-27,,0.0,,2021-01-27,
Wed,2021-01-27,2021,7:30p,Los Angeles Lakers,106,Philadelphia 76ers,107,,0,2020/2021,Jan,27,1,2021-01-27,,0.0,,2021-01-27,
Wed,2021-01-27,2021,7:30p,Milwaukee Bucks,115,Toronto Raptors,108,,0,2020/2021,Jan,27,1,2021-01-27,,0.0,,2021-01-27,
Wed,2021-01-27,2021,8:30p,Boston Celtics,106,San Antonio Spurs,110,,0,2020/2021,Jan,27,1,2021-01-27,,0.0,,2021-01-27,
Wed,2021-01-27,2021,9:00p,Washington Wizards,106,New Orleans Pelicans,124,,750,2020/2021,Jan,27,1,2021-01-27,,0.0,,2021-01-27,
Wed,2021-01-27,2021,9:00p,Oklahoma City Thunder,102,Phoenix Suns,97,,0,2020/2021,Jan,27,1,2021-01-27,,0.0,,2021-01-27,
Wed,2021-01-27,2021,9:00p,Dallas Mavericks,104,Utah Jazz,116,,0,2020/2021,Jan,27,1,2021-01-27,,0.0,,2021-01-27,
Wed,2021-01-27,2021,10:00p,Minnesota Timberwolves,111,Golden State Warriors,123,,0,2020/2021,Jan,27,1,2021-01-27,,0.0,,2021-01-27,
Thu,2021-01-28,2021,7:30p,Portland Trail Blazers,101,Houston Rockets,104,,3154,2020/2021,Jan,28,1,2021-01-28,,0.0,,2021-01-28,
Thu,2021-01-28,2021,8:00p,Los Angeles Lakers,92,Detroit Pistons,107,,0,2020/2021,Jan,28,1,2021-01-28,,0.0,,2021-01-28,
Thu,2021-01-28,2021,8:00p,Los Angeles Clippers,109,Miami Heat,105,,0,2020/2021,Jan,28,1,2021-01-28,,0.0,,2021-01-28,
Thu,2021-01-28,2021,10:00p,Golden State Warriors,93,Phoenix Suns,114,,0,2020/2021,Jan,28,1,2021-01-28,,0.0,,2021-01-28,
Fri,2021-01-29,2021,7:00p,Indiana Pacers,105,Charlotte Hornets,108,,0,2020/2021,Jan,29,1,2021-01-29,,0.0,,2021-01-29,
Fri,2021-01-29,2021,7:00p,Atlanta Hawks,116,Washington Wizards,100,,0,2020/2021,Jan,29,1,2021-01-29,,0.0,,2021-01-29,
Fri,2021-01-29,2021,7:30p,Milwaukee Bucks,126,New Orleans Pelicans,131,,1440,2020/2021,Jan,29,1,2021-01-29,,0.0,,2021-01-29,
Fri,2021-01-29,2021,7:30p,Cleveland Cavaliers,81,New York Knicks,102,,0,2020/2021,Jan,29,1,2021-01-29,,0.0,,2021-01-29,
Fri,2021-01-29,2021,7:30p,Sacramento Kings,126,Toronto Raptors,124,,0,2020/2021,Jan,29,1,2021-01-29,,0.0,,2021-01-29,
Fri,2021-01-29,2021,8:00p,Philadelphia 76ers,118,Minnesota Timberwolves,94,,0,2020/2021,Jan,29,1,2021-01-29,,0.0,,2021-01-29,
Fri,2021-01-29,2021,8:00p,Brooklyn Nets,147,Oklahoma City Thunder,125,,0,2020/2021,Jan,29,1,2021-01-29,,0.0,,2021-01-29,
Fri,2021-01-29,2021,8:00p,Los Angeles Clippers,116,Orlando Magic,90,,3763,2020/2021,Jan,29,1,2021-01-29,,0.0,,2021-01-29,
Fri,2021-01-29,2021,8:30p,Denver Nuggets,109,San Antonio Spurs,119,,0,2020/2021,Jan,29,1,2021-01-29,,0.0,,2021-01-29,
Fri,2021-01-29,2021,10:00p,Dallas Mavericks,101,Utah Jazz,120,,1932,2020/2021,Jan,29,1,2021-01-29,,0.0,,2021-01-29,
Sat,2021-01-30,2021,8:00p,Portland Trail Blazers,123,Chicago Bulls,122,,0,2020/2021,Jan,30,1,2021-01-30,,0.0,,2021-01-30,
Sat,2021-01-30,2021,8:00p,Milwaukee Bucks,114,Charlotte Hornets,126,,0,2020/2021,Jan,30,1,2021-01-30,,0.0,,2021-01-30,
Sat,2021-01-30,2021,8:00p,Sacramento Kings,104,Miami Heat,105,,0,2020/2021,Jan,30,1,2021-01-30,,0.0,,2021-01-30,
Sat,2021-01-30,2021,8:00p,Houston Rockets,126,New Orleans Pelicans,112,,1440,2020/2021,Jan,30,1,2021-01-30,,0.0,,2021-01-30,
Sat,2021-01-30,2021,8:30p,Los Angeles Lakers,96,Boston Celtics,95,,0,2020/2021,Jan,30,1,2021-01-30,,0.0,,2021-01-30,
Sat,2021-01-30,2021,8:30p,Memphis Grizzlies,129,San Antonio Spurs,112,,0,2020/2021,Jan,30,1,2021-01-30,,0.0,,2021-01-30,
Sat,2021-01-30,2021,9:00p,Phoenix Suns,111,Dallas Mavericks,105,,0,2020/2021,Jan,30,1,2021-01-30,,0.0,,2021-01-30,
Sat,2021-01-30,2021,10:00p,Detroit Pistons,91,Golden State Warriors,118,,0,2020/2021,Jan,30,1,2021-01-30,,0.0,,2021-01-30,
Sun,2021-01-31,2021,1:00p,Los Angeles Clippers,129,New York Knicks,115,,0,2020/2021,Jan,31,1,2021-01-31,,0.0,,2021-01-31,
Sun,2021-01-31,2021,3:30p,Utah Jazz,117,Denver Nuggets,128,,0,2020/2021,Jan,31,1,2021-01-31,,0.0,,2021-01-31,
Sun,2021-01-31,2021,7:00p,Philadelphia 76ers,119,Indiana Pacers,110,,0,2020/2021,Jan,31,1,2021-01-31,,0.0,,2021-01-31,
Sun,2021-01-31,2021,7:00p,Orlando Magic,102,Toronto Raptors,115,,0,2020/2021,Jan,31,1,2021-01-31,,0.0,,2021-01-31,
Sun,2021-01-31,2021,7:00p,Brooklyn Nets,146,Washington Wizards,149,,0,2020/2021,Jan,31,1,2021-01-31,,0.0,,2021-01-31,
Sun,2021-01-31,2021,8:00p,Cleveland Cavaliers,104,Minnesota Timberwolves,109,,0,2020/2021,Jan,31,1,2021-01-31,,0.0,,2021-01-31,
Mon,2021-02-01,2021,7:30p,Los Angeles Lakers,107,Atlanta Hawks,99,,1341,2020/2021,Feb,1,2,2021-02-01,,0.0,,2021-02-01,
Mon,2021-02-01,2021,7:30p,Charlotte Hornets,129,Miami Heat,121,OT,0,2020/2021,Feb,1,2,2021-02-01,,0.0,,2021-02-01,
Mon,2021-02-01,2021,8:00p,New York Knicks,102,Chicago Bulls,110,,0,2020/2021,Feb,1,2,2021-02-01,,0.0,,2021-02-01,
Mon,2021-02-01,2021,8:00p,Minnesota Timberwolves,98,Cleveland Cavaliers,100,,0,2020/2021,Feb,1,2,2021-02-01,,0.0,,2021-02-01,
Mon,2021-02-01,2021,8:00p,Portland Trail Blazers,106,Milwaukee Bucks,134,,0,2020/2021,Feb,1,2,2021-02-01,,0.0,,2021-02-01,
Mon,2021-02-01,2021,8:00p,Sacramento Kings,118,New Orleans Pelicans,109,,1440,2020/2021,Feb,1,2,2021-02-01,,0.0,,2021-02-01,
Mon,2021-02-01,2021,8:00p,Houston Rockets,136,Oklahoma City Thunder,106,,0,2020/2021,Feb,1,2,2021-02-01,,0.0,,2021-02-01,
Mon,2021-02-01,2021,8:30p,Phoenix Suns,109,Dallas Mavericks,108,,0,2020/2021,Feb,1,2,2021-02-01,,0.0,,2021-02-01,
Mon,2021-02-01,2021,8:30p,Memphis Grizzlies,133,San Antonio Spurs,102,,0,2020/2021,Feb,1,2,2021-02-01,,0.0,,2021-02-01,
Tue,2021-02-02,2021,7:00p,Toronto Raptors,123,Orlando Magic,108,,3211,2020/2021,Feb,2,2,2021-02-02,,0.0,,2021-02-02,
Tue,2021-02-02,2021,7:30p,Los Angeles Clippers,120,Brooklyn Nets,124,,0,2020/2021,Feb,2,2,2021-02-02,,0.0,,2021-02-02,
Tue,2021-02-02,2021,8:00p,Memphis Grizzlies,116,Indiana Pacers,134,,0,2020/2021,Feb,2,2,2021-02-02,,0.0,,2021-02-02,
Tue,2021-02-02,2021,8:00p,Portland Trail Blazers,132,Washington Wizards,121,,0,2020/2021,Feb,2,2,2021-02-02,,0.0,,2021-02-02,
Tue,2021-02-02,2021,10:00p,Boston Celtics,111,Golden State Warriors,107,,0,2020/2021,Feb,2,2,2021-02-02,,0.0,,2021-02-02,
Tue,2021-02-02,2021,10:00p,Detroit Pistons,105,Utah Jazz,117,,3902,2020/2021,Feb,2,2,2021-02-02,,0.0,,2021-02-02,
Wed,2021-02-03,2021,7:00p,Philadelphia 76ers,118,Charlotte Hornets,111,,0,2020/2021,Feb,3,2,2021-02-03,,0.0,,2021-02-03,
Wed,2021-02-03,2021,7:00p,Indiana Pacers,110,Milwaukee Bucks,130,,0,2020/2021,Feb,3,2,2021-02-03,,0.0,,2021-02-03,
Wed,2021-02-03,2021,7:30p,Dallas Mavericks,122,Atlanta Hawks,116,,1259,2020/2021,Feb,3,2,2021-02-03,,0.0,,2021-02-03,
Wed,2021-02-03,2021,8:00p,New York Knicks,107,Chicago Bulls,103,,0,2020/2021,Feb,3,2,2021-02-03,,0.0,,2021-02-03,
Wed,2021-02-03,2021,8:00p,Los Angeles Clippers,121,Cleveland Cavaliers,99,,1944,2020/2021,Feb,3,2,2021-02-03,,0.0,,2021-02-03,
Wed,2021-02-03,2021,8:00p,Washington Wizards,103,Miami Heat,100,,0,2020/2021,Feb,3,2,2021-02-03,,0.0,,2021-02-03,
Wed,2021-02-03,2021,8:00p,Houston Rockets,87,Oklahoma City Thunder,104,,0,2020/2021,Feb,3,2,2021-02-03,,0.0,,2021-02-03,
Wed,2021-02-03,2021,8:30p,Minnesota Timberwolves,108,San Antonio Spurs,111,,0,2020/2021,Feb,3,2,2021-02-03,,0.0,,2021-02-03,
Wed,2021-02-03,2021,9:30p,Phoenix Suns,101,New Orleans Pelicans,123,,1440,2020/2021,Feb,3,2,2021-02-03,,0.0,,2021-02-03,
Wed,2021-02-03,2021,10:00p,Boston Celtics,111,Sacramento Kings,116,,0,2020/2021,Feb,3,2,2021-02-03,,0.0,,2021-02-03,
Thu,2021-02-04,2021,7:30p,Utah Jazz,112,Atlanta Hawks,91,,1261,2020/2021,Feb,4,2,2021-02-04,,0.0,,2021-02-04,
Thu,2021-02-04,2021,7:30p,Golden State Warriors,147,Dallas Mavericks,116,,0,2020/2021,Feb,4,2,2021-02-04,,0.0,,2021-02-04,
Thu,2021-02-04,2021,8:00p,Portland Trail Blazers,121,Philadelphia 76ers,105,,0,2020/2021,Feb,4,2,2021-02-04,,0.0,,2021-02-04,
Thu,2021-02-04,2021,9:00p,Houston Rockets,115,Memphis Grizzlies,103,,1762,2020/2021,Feb,4,2,2021-02-04,,0.0,,2021-02-04,
Thu,2021-02-04,2021,10:00p,Denver Nuggets,93,Los Angeles Lakers,114,,0,2020/2021,Feb,4,2,2021-02-04,,0.0,,2021-02-04,
Fri,2021-02-05,2021,7:00p,New Orleans Pelicans,114,Indiana Pacers,113,,0,2020/2021,Feb,5,2,2021-02-05,,0.0,,2021-02-05,
Fri,2021-02-05,2021,7:00p,Chicago Bulls,119,Orlando Magic,123,,3535,2020/2021,Feb,5,2,2021-02-05,,0.0,,2021-02-05,
Fri,2021-02-05,2021,7:30p,Toronto Raptors,123,Brooklyn Nets,117,,0,2020/2021,Feb,5,2,2021-02-05,,0.0,,2021-02-05,
Fri,2021-02-05,2021,7:30p,Milwaukee Bucks,123,Cleveland Cavaliers,105,,2720,2020/2021,Feb,5,2,2021-02-05,,0.0,,2021-02-05,
Fri,2021-02-05,2021,8:00p,Utah Jazz,138,Charlotte Hornets,121,,0,2020/2021,Feb,5,2,2021-02-05,,0.0,,2021-02-05,
Fri,2021-02-05,2021,8:00p,Washington Wizards,95,Miami Heat,122,,0,2020/2021,Feb,5,2,2021-02-05,,0.0,,2021-02-05,
Fri,2021-02-05,2021,8:00p,Minnesota Timberwolves,106,Oklahoma City Thunder,103,,0,2020/2021,Feb,5,2,2021-02-05,,0.0,,2021-02-05,
Fri,2021-02-05,2021,9:00p,Detroit Pistons,92,Phoenix Suns,109,,0,2020/2021,Feb,5,2,2021-02-05,,0.0,,2021-02-05,
Fri,2021-02-05,2021,10:00p,Boston Celtics,119,Los Angeles Clippers,115,,0,2020/2021,Feb,5,2,2021-02-05,,0.0,,2021-02-05,
Sat,2021-02-06,2021,1:00p,Portland Trail Blazers,99,New York Knicks,110,,0,2020/2021,Feb,6,2,2021-02-06,,0.0,,2021-02-06,
Sat,2021-02-06,2021,5:00p,Denver Nuggets,114,Sacramento Kings,119,,0,2020/2021,Feb,6,2,2021-02-06,,0.0,,2021-02-06,
Sat,2021-02-06,2021,7:00p,Chicago Bulls,118,Orlando Magic,92,,3880,2020/2021,Feb,6,2,2021-02-06,,0.0,,2021-02-06,
Sat,2021-02-06,2021,8:00p,Toronto Raptors,121,Atlanta Hawks,132,,991,2020/2021,Feb,6,2,2021-02-06,,0.0,,2021-02-06,
Sat,2021-02-06,2021,8:00p,Milwaukee Bucks,124,Cleveland Cavaliers,99,,2720,2020/2021,Feb,6,2,2021-02-06,,0.0,,2021-02-06,
Sat,2021-02-06,2021,8:00p,San Antonio Spurs,111,Houston Rockets,106,,3313,2020/2021,Feb,6,2,2021-02-06,,0.0,,2021-02-06,
Sat,2021-02-06,2021,8:00p,Minnesota Timberwolves,118,Oklahoma City Thunder,120,,0,2020/2021,Feb,6,2,2021-02-06,,0.0,,2021-02-06,
Sat,2021-02-06,2021,8:00p,Brooklyn Nets,108,Philadelphia 76ers,124,,0,2020/2021,Feb,6,2,2021-02-06,,0.0,,2021-02-06,
Sat,2021-02-06,2021,8:30p,Golden State Warriors,132,Dallas Mavericks,134,,0,2020/2021,Feb,6,2,2021-02-06,,0.0,,2021-02-06,
Sat,2021-02-06,2021,9:00p,Memphis Grizzlies,109,New Orleans Pelicans,118,,1440,2020/2021,Feb,6,2,2021-02-06,,0.0,,2021-02-06,
Sat,2021-02-06,2021,10:00p,Detroit Pistons,129,Los Angeles Lakers,135,2OT,0,2020/2021,Feb,6,2,2021-02-06,,0.0,,2021-02-06,
Sun,2021-02-07,2021,1:00p,Washington Wizards,97,Charlotte Hornets,119,,0,2020/2021,Feb,7,2,2021-02-06,covid,1.0,18.0,2021-02-07,
Sun,2021-02-07,2021,1:00p,Utah Jazz,103,Indiana Pacers,95,,0,2020/2021,Feb,7,2,2021-02-07,,0.0,,2021-02-07,
Sun,2021-02-07,2021,1:00p,Miami Heat,109,New York Knicks,103,,0,2020/2021,Feb,7,2,2021-02-07,,0.0,,2021-02-07,
Sun,2021-02-07,2021,2:00p,Boston Celtics,91,Phoenix Suns,100,,1493,2020/2021,Feb,7,2,2021-02-07,,0.0,,2021-02-07,
Sun,2021-02-07,2021,3:00p,Sacramento Kings,113,Los Angeles Clippers,110,,0,2020/2021,Feb,7,2,2021-02-07,,0.0,,2021-02-07,
Mon,2021-02-08,2021,7:00p,Houston Rockets,94,Charlotte Hornets,119,,0,2020/2021,Feb,8,2,2021-02-08,,0.0,,2021-02-08,
Mon,2021-02-08,2021,8:00p,Washington Wizards,105,Chicago Bulls,101,,0,2020/2021,Feb,8,2,2021-02-08,,0.0,,2021-02-08,
Mon,2021-02-08,2021,8:00p,Toronto Raptors,128,Memphis Grizzlies,113,,1844,2020/2021,Feb,8,2,2021-02-08,,0.0,,2021-02-08,
Mon,2021-02-08,2021,8:30p,Minnesota Timberwolves,122,Dallas Mavericks,127,,1000,2020/2021,Feb,8,2,2021-02-08,,0.0,,2021-02-08,
Mon,2021-02-08,2021,8:30p,Golden State Warriors,100,San Antonio Spurs,105,,0,2020/2021,Feb,8,2,2021-02-08,,0.0,,2021-02-08,
Mon,2021-02-08,2021,9:00p,Cleveland Cavaliers,113,Phoenix Suns,119,,1485,2020/2021,Feb,8,2,2021-02-08,,0.0,,2021-02-08,
Mon,2021-02-08,2021,9:30p,Milwaukee Bucks,125,Denver Nuggets,112,,0,2020/2021,Feb,8,2,2021-02-08,,0.0,,2021-02-08,
Mon,2021-02-08,2021,10:00p,Oklahoma City Thunder,112,Los Angeles Lakers,119,OT,0,2020/2021,Feb,8,2,2021-02-08,,0.0,,2021-02-08,
Tue,2021-02-09,2021,7:00p,Brooklyn Nets,111,Detroit Pistons,122,,0,2020/2021,Feb,9,2,2021-02-09,,0.0,,2021-02-09,
Tue,2021-02-09,2021,7:30p,New York Knicks,96,Miami Heat,98,,0,2020/2021,Feb,9,2,2021-02-09,,0.0,,2021-02-09,
Tue,2021-02-09,2021,7:30p,Houston Rockets,101,New Orleans Pelicans,130,,1900,2020/2021,Feb,9,2,2021-02-09,,0.0,,2021-02-09,
Tue,2021-02-09,2021,8:30p,Golden State Warriors,114,San Antonio Spurs,91,,0,2020/2021,Feb,9,2,2021-02-09,,0.0,,2021-02-09,
Tue,2021-02-09,2021,10:00p,Orlando Magic,97,Portland Trail Blazers,106,,0,2020/2021,Feb,9,2,2021-02-09,,0.0,,2021-02-09,
Tue,2021-02-09,2021,10:00p,Philadelphia 76ers,119,Sacramento Kings,111,,0,2020/2021,Feb,9,2,2021-02-09,,0.0,,2021-02-09,
Tue,2021-02-09,2021,10:00p,Boston Celtics,108,Utah Jazz,122,,3902,2020/2021,Feb,9,2,2021-02-09,,0.0,,2021-02-09,
Wed,2021-02-10,2021,7:00p,Toronto Raptors,137,Washington Wizards,115,,0,2020/2021,Feb,10,2,2021-02-10,,0.0,,2021-02-10,
Wed,2021-02-10,2021,7:30p,Atlanta Hawks,117,Dallas Mavericks,118,,1000,2020/2021,Feb,10,2,2021-02-10,,0.0,,2021-02-10,
Wed,2021-02-10,2021,8:00p,Indiana Pacers,94,Brooklyn Nets,104,,0,2020/2021,Feb,10,2,2021-02-10,,0.0,,2021-02-10,
Wed,2021-02-10,2021,8:00p,Charlotte Hornets,114,Memphis Grizzlies,130,,1830,2020/2021,Feb,10,2,2021-02-10,,0.0,,2021-02-10,
Wed,2021-02-10,2021,8:00p,Los Angeles Clippers,119,Minnesota Timberwolves,112,,0,2020/2021,Feb,10,2,2021-02-10,,0.0,,2021-02-10,
Wed,2021-02-10,2021,9:00p,New Orleans Pelicans,116,Chicago Bulls,129,,0,2020/2021,Feb,10,2,2021-02-10,,0.0,,2021-02-10,
Wed,2021-02-10,2021,9:00p,Cleveland Cavaliers,95,Denver Nuggets,133,,0,2020/2021,Feb,10,2,2021-02-10,,0.0,,2021-02-10,
Wed,2021-02-10,2021,10:00p,Oklahoma City Thunder,113,Los Angeles Lakers,114,OT,0,2020/2021,Feb,10,2,2021-02-10,,0.0,,2021-02-10,
Wed,2021-02-10,2021,10:00p,Milwaukee Bucks,124,Phoenix Suns,125,,1491,2020/2021,Feb,10,2,2021-02-10,,0.0,,2021-02-10,
Thu,2021-02-11,2021,7:30p,Toronto Raptors,106,Boston Celtics,120,,0,2020/2021,Feb,11,2,2021-02-11,,0.0,,2021-02-11,
Thu,2021-02-11,2021,7:30p,Miami Heat,101,Houston Rockets,94,,3251,2020/2021,Feb,11,2,2021-02-11,,0.0,,2021-02-11,
Thu,2021-02-11,2021,8:00p,Indiana Pacers,111,Detroit Pistons,95,,0,2020/2021,Feb,11,2,2021-02-11,,0.0,,2021-02-11,
Thu,2021-02-11,2021,10:00p,Orlando Magic,105,Golden State Warriors,111,,0,2020/2021,Feb,11,2,2021-02-11,,0.0,,2021-02-11,
Thu,2021-02-11,2021,10:00p,Philadelphia 76ers,114,Portland Trail Blazers,118,,0,2020/2021,Feb,11,2,2021-02-11,,0.0,,2021-02-11,
Fri,2021-02-12,2021,7:00p,Minnesota Timberwolves,114,Charlotte Hornets,120,,0,2020/2021,Feb,12,2,2021-02-12,,0.0,,2021-02-12,
Fri,2021-02-12,2021,7:00p,New York Knicks,109,Washington Wizards,91,,0,2020/2021,Feb,12,2,2021-02-12,,0.0,,2021-02-12,
Fri,2021-02-12,2021,7:30p,San Antonio Spurs,125,Atlanta Hawks,114,,1451,2020/2021,Feb,12,2,2021-02-12,,0.0,,2021-02-12,
Fri,2021-02-12,2021,7:30p,New Orleans Pelicans,130,Dallas Mavericks,143,,1514,2020/2021,Feb,12,2,2021-02-12,,0.0,,2021-02-12,
Fri,2021-02-12,2021,8:00p,Detroit Pistons,108,Boston Celtics,102,,0,2020/2021,Feb,12,2,2021-02-12,,0.0,,2021-02-12,
Fri,2021-02-12,2021,8:00p,Los Angeles Clippers,125,Chicago Bulls,106,,0,2020/2021,Feb,12,2,2021-02-12,,0.0,,2021-02-12,
Fri,2021-02-12,2021,9:00p,Oklahoma City Thunder,95,Denver Nuggets,97,,0,2020/2021,Feb,12,2,2021-02-12,,0.0,,2021-02-12,
Fri,2021-02-12,2021,9:00p,Milwaukee Bucks,115,Utah Jazz,129,,3902,2020/2021,Feb,12,2,2021-02-12,,0.0,,2021-02-12,
Fri,2021-02-12,2021,10:00p,Memphis Grizzlies,105,Los Angeles Lakers,115,,0,2020/2021,Feb,12,2,2021-02-12,,0.0,,2021-02-12,
Fri,2021-02-12,2021,10:00p,Cleveland Cavaliers,110,Portland Trail Blazers,129,,0,2020/2021,Feb,12,2,2021-02-12,,0.0,,2021-02-12,
Fri,2021-02-12,2021,10:00p,Orlando Magic,123,Sacramento Kings,112,,0,2020/2021,Feb,12,2,2021-02-12,,0.0,,2021-02-12,
Sat,2021-02-13,2021,3:00p,Philadelphia 76ers,111,Phoenix Suns,120,,1652,2020/2021,Feb,13,2,2021-02-13,,0.0,,2021-02-13,
Sat,2021-02-13,2021,7:30p,Indiana Pacers,125,Atlanta Hawks,113,,1393,2020/2021,Feb,13,2,2021-02-13,,0.0,,2021-02-13,
Sat,2021-02-13,2021,8:00p,Houston Rockets,99,New York Knicks,121,,0,2020/2021,Feb,13,2,2021-02-13,,0.0,,2021-02-13,
Sat,2021-02-13,2021,8:30p,Brooklyn Nets,134,Golden State Warriors,117,,0,2020/2021,Feb,13,2,2021-02-13,,0.0,,2021-02-13,
Sat,2021-02-13,2021,9:00p,Miami Heat,94,Utah Jazz,112,,3902,2020/2021,Feb,13,2,2021-02-13,,0.0,,2021-02-13,
Sun,2021-02-14,2021,1:00p,Boston Celtics,91,Washington Wizards,104,,0,2020/2021,Feb,14,2,2021-02-14,,0.0,,2021-02-14,
Sun,2021-02-14,2021,7:00p,San Antonio Spurs,122,Charlotte Hornets,110,,0,2020/2021,Feb,14,2,2021-02-14,,0.0,,2021-02-14,
Sun,2021-02-14,2021,7:00p,New Orleans Pelicans,112,Detroit Pistons,123,,0,2020/2021,Feb,14,2,2021-02-14,,0.0,,2021-02-14,
Sun,2021-02-14,2021,7:00p,Minnesota Timberwolves,116,Toronto Raptors,112,,0,2020/2021,Feb,14,2,2021-02-14,,0.0,,2021-02-14,
Sun,2021-02-14,2021,7:30p,Portland Trail Blazers,121,Dallas Mavericks,118,,2211,2020/2021,Feb,14,2,2021-02-14,,0.0,,2021-02-14,
Sun,2021-02-14,2021,8:00p,Milwaukee Bucks,109,Oklahoma City Thunder,114,,0,2020/2021,Feb,14,2,2021-02-14,,0.0,,2021-02-14,
Sun,2021-02-14,2021,9:00p,Orlando Magic,90,Phoenix Suns,109,,1732,2020/2021,Feb,14,2,2021-02-14,,0.0,,2021-02-14,
Sun,2021-02-14,2021,10:00p,Los Angeles Lakers,105,Denver Nuggets,122,,0,2020/2021,Feb,14,2,2021-02-14,,0.0,,2021-02-14,
Sun,2021-02-14,2021,10:00p,Cleveland Cavaliers,111,Los Angeles Clippers,128,,0,2020/2021,Feb,14,2,2021-02-14,,0.0,,2021-02-14,
Sun,2021-02-14,2021,10:00p,Memphis Grizzlies,124,Sacramento Kings,110,,0,2020/2021,Feb,14,2,2021-02-14,,0.0,,2021-02-14,
Mon,2021-02-15,2021,7:00p,Chicago Bulls,120,Indiana Pacers,112,OT,0,2020/2021,Feb,15,2,2021-02-15,,0.0,,2021-02-15,
Mon,2021-02-15,2021,7:00p,Houston Rockets,119,Washington Wizards,131,,0,2020/2021,Feb,15,2,2021-02-15,,0.0,,2021-02-15,
Mon,2021-02-15,2021,7:30p,Atlanta Hawks,112,New York Knicks,123,,0,2020/2021,Feb,15,2,2021-02-15,,0.0,,2021-02-15,
Mon,2021-02-15,2021,9:00p,Philadelphia 76ers,123,Utah Jazz,134,,3902,2020/2021,Feb,15,2,2021-02-15,,0.0,,2021-02-15,
Mon,2021-02-15,2021,10:00p,Cleveland Cavaliers,98,Golden State Warriors,129,,0,2020/2021,Feb,15,2,2021-02-15,,0.0,,2021-02-15,
Mon,2021-02-15,2021,10:00p,Miami Heat,118,Los Angeles Clippers,125,,0,2020/2021,Feb,15,2,2021-02-15,,0.0,,2021-02-15,
Mon,2021-02-15,2021,10:00p,Brooklyn Nets,136,Sacramento Kings,125,,0,2020/2021,Feb,15,2,2021-02-15,,0.0,,2021-02-15,
Tue,2021-02-16,2021,7:00p,Denver Nuggets,99,Boston Celtics,112,,0,2020/2021,Feb,16,2,2021-02-16,,0.0,,2021-02-16,
Tue,2021-02-16,2021,8:00p,New Orleans Pelicans,144,Memphis Grizzlies,113,,1982,2020/2021,Feb,16,2,2021-02-16,,0.0,,2021-02-16,
Tue,2021-02-16,2021,8:00p,Toronto Raptors,124,Milwaukee Bucks,113,,250,2020/2021,Feb,16,2,2021-02-16,,0.0,,2021-02-16,
Tue,2021-02-16,2021,8:00p,Los Angeles Lakers,112,Minnesota Timberwolves,104,,0,2020/2021,Feb,16,2,2021-02-16,,0.0,,2021-02-16,
Tue,2021-02-16,2021,8:00p,Portland Trail Blazers,115,Oklahoma City Thunder,104,,0,2020/2021,Feb,16,2,2021-02-16,,0.0,,2021-02-16,
Tue,2021-02-16,2021,10:30p,Brooklyn Nets,128,Phoenix Suns,124,,3181,2020/2021,Feb,16,2,2021-02-16,,0.0,,2021-02-16,
Wed,2021-02-17,2021,7:00p,New York Knicks,89,Orlando Magic,107,,4249,2020/2021,Feb,17,2,2021-02-17,,0.0,,2021-02-17,
Wed,2021-02-17,2021,7:30p,Atlanta Hawks,122,Boston Celtics,114,,0,2020/2021,Feb,17,2,2021-02-17,,0.0,,2021-02-17,
Wed,2021-02-17,2021,7:30p,Houston Rockets,113,Philadelphia 76ers,118,,0,2020/2021,Feb,17,2,2021-02-17,,0.0,,2021-02-17,
Wed,2021-02-17,2021,8:00p,Detroit Pistons,102,Chicago Bulls,105,,0,2020/2021,Feb,17,2,2021-02-17,,0.0,,2021-02-17,
Wed,2021-02-17,2021,8:00p,Indiana Pacers,134,Minnesota Timberwolves,128,OT,0,2020/2021,Feb,17,2,2021-02-17,,0.0,,2021-02-17,
Wed,2021-02-17,2021,8:00p,Denver Nuggets,128,Washington Wizards,130,,0,2020/2021,Feb,17,2,2021-02-17,,0.0,,2021-02-17,
Wed,2021-02-17,2021,9:00p,Oklahoma City Thunder,113,Memphis Grizzlies,122,,0,2020/2021,Feb,17,2,2021-02-17,,0.0,,2021-02-17,
Wed,2021-02-17,2021,9:00p,Portland Trail Blazers,126,New Orleans Pelicans,124,,1940,2020/2021,Feb,17,2,2021-02-17,,0.0,,2021-02-17,
Wed,2021-02-17,2021,10:00p,Miami Heat,112,Golden State Warriors,120,OT,0,2020/2021,Feb,17,2,2021-02-17,,0.0,,2021-02-17,
Wed,2021-02-17,2021,10:00p,Utah Jazz,114,Los Angeles Clippers,96,,0,2020/2021,Feb,17,2,2021-02-17,,0.0,,2021-02-17,
Thu,2021-02-18,2021,7:30p,Toronto Raptors,110,Milwaukee Bucks,96,,500,2020/2021,Feb,18,2,2021-02-18,,0.0,,2021-02-18,
Thu,2021-02-18,2021,10:00p,Brooklyn Nets,109,Los Angeles Lakers,98,,0,2020/2021,Feb,18,2,2021-02-18,,0.0,,2021-02-18,
Thu,2021-02-18,2021,10:00p,Miami Heat,118,Sacramento Kings,110,,0,2020/2021,Feb,18,2,2021-02-18,,0.0,,2021-02-18,
Fri,2021-02-19,2021,7:00p,Denver Nuggets,120,Cleveland Cavaliers,103,,2720,2020/2021,Feb,19,2,2021-02-19,,0.0,,2021-02-19,
Fri,2021-02-19,2021,7:00p,Golden State Warriors,120,Orlando Magic,124,,4287,2020/2021,Feb,19,2,2021-02-19,,0.0,,2021-02-19,
Fri,2021-02-19,2021,7:30p,Atlanta Hawks,109,Boston Celtics,121,,0,2020/2021,Feb,19,2,2021-02-19,,0.0,,2021-02-19,
Fri,2021-02-19,2021,7:30p,Chicago Bulls,105,Philadelphia 76ers,112,,0,2020/2021,Feb,19,2,2021-02-19,,0.0,,2021-02-19,
Fri,2021-02-19,2021,8:00p,Detroit Pistons,95,Memphis Grizzlies,109,,1795,2020/2021,Feb,19,2,2021-02-19,,0.0,,2021-02-19,
Fri,2021-02-19,2021,8:00p,Oklahoma City Thunder,85,Milwaukee Bucks,98,,750,2020/2021,Feb,19,2,2021-02-19,,0.0,,2021-02-19,
Fri,2021-02-19,2021,8:00p,Phoenix Suns,132,New Orleans Pelicans,114,,1940,2020/2021,Feb,19,2,2021-02-19,,0.0,,2021-02-19,
Fri,2021-02-19,2021,9:00p,Toronto Raptors,86,Minnesota Timberwolves,81,,0,2020/2021,Feb,19,2,2021-02-19,,0.0,,2021-02-19,
Fri,2021-02-19,2021,10:00p,Utah Jazz,112,Los Angeles Clippers,116,,0,2020/2021,Feb,19,2,2021-02-19,,0.0,,2021-02-19,
Sat,2021-02-20,2021,8:00p,Golden State Warriors,100,Charlotte Hornets,102,,0,2020/2021,Feb,20,2,2021-02-20,,0.0,,2021-02-20,
Sat,2021-02-20,2021,8:30p,Miami Heat,96,Los Angeles Lakers,94,,0,2020/2021,Feb,20,2,2021-02-20,,0.0,,2021-02-20,
Sat,2021-02-20,2021,9:00p,Sacramento Kings,114,Chicago Bulls,122,,0,2020/2021,Feb,20,2,2021-02-20,,0.0,,2021-02-20,
Sat,2021-02-20,2021,9:00p,Phoenix Suns,128,Memphis Grizzlies,97,,1994,2020/2021,Feb,20,2,2021-02-20,,0.0,,2021-02-20,
Sat,2021-02-20,2021,10:00p,Washington Wizards,118,Portland Trail Blazers,111,,0,2020/2021,Feb,20,2,2021-02-20,,0.0,,2021-02-20,
Sun,2021-02-21,2021,3:30p,Boston Celtics,115,New Orleans Pelicans,120,OT,1940,2020/2021,Feb,21,2,2021-02-21,,0.0,,2021-02-21,
Sun,2021-02-21,2021,7:00p,Oklahoma City Thunder,117,Cleveland Cavaliers,101,,2720,2020/2021,Feb,21,2,2021-02-21,,0.0,,2021-02-21,
Sun,2021-02-21,2021,7:00p,Minnesota Timberwolves,99,New York Knicks,103,,0,2020/2021,Feb,21,2,2021-02-21,,0.0,,2021-02-21,
Sun,2021-02-21,2021,7:00p,Detroit Pistons,96,Orlando Magic,105,,4002,2020/2021,Feb,21,2,2021-02-21,,0.0,,2021-02-21,
Sun,2021-02-21,2021,7:00p,Philadelphia 76ers,103,Toronto Raptors,110,,0,2020/2021,Feb,21,2,2021-02-21,,0.0,,2021-02-21,
Sun,2021-02-21,2021,7:30p,Denver Nuggets,115,Atlanta Hawks,123,,1362,2020/2021,Feb,21,2,2021-02-21,,0.0,,2021-02-21,
Sun,2021-02-21,2021,8:00p,Brooklyn Nets,112,Los Angeles Clippers,108,,0,2020/2021,Feb,21,2,2021-02-21,,0.0,,2021-02-21,
Sun,2021-02-21,2021,9:00p,Sacramento Kings,115,Milwaukee Bucks,128,,1800,2020/2021,Feb,21,2,2021-02-21,,0.0,,2021-02-21,
Mon,2021-02-22,2021,8:00p,Chicago Bulls,120,Houston Rockets,100,,3025,2020/2021,Feb,22,2,2021-02-22,,0.0,,2021-02-22,
Mon,2021-02-22,2021,8:30p,Memphis Grizzlies,92,Dallas Mavericks,102,,2099,2020/2021,Feb,22,2,2021-02-22,,0.0,,2021-02-22,
Mon,2021-02-22,2021,9:00p,Miami Heat,108,Oklahoma City Thunder,94,,0,2020/2021,Feb,22,2,2021-02-22,,0.0,,2021-02-22,
Mon,2021-02-22,2021,9:00p,Portland Trail Blazers,100,Phoenix Suns,132,,3213,2020/2021,Feb,22,2,2021-02-22,,0.0,,2021-02-22,
Mon,2021-02-22,2021,9:00p,Charlotte Hornets,110,Utah Jazz,132,,3902,2020/2021,Feb,22,2,2021-02-22,,0.0,,2021-02-22,
Mon,2021-02-22,2021,10:00p,Washington Wizards,127,Los Angeles Lakers,124,OT,0,2020/2021,Feb,22,2,2021-02-22,,0.0,,2021-02-22,
Tue,2021-02-23,2021,7:00p,Atlanta Hawks,111,Cleveland Cavaliers,112,,2720,2020/2021,Feb,23,2,2021-02-23,,0.0,,2021-02-23,
Tue,2021-02-23,2021,7:00p,Detroit Pistons,105,Orlando Magic,93,,3631,2020/2021,Feb,23,2,2021-02-23,,0.0,,2021-02-23,
Tue,2021-02-23,2021,7:30p,Sacramento Kings,118,Brooklyn Nets,127,,324,2020/2021,Feb,23,2,2021-02-23,,0.0,,2021-02-23,
Tue,2021-02-23,2021,7:30p,Boston Celtics,107,Dallas Mavericks,110,,3338,2020/2021,Feb,23,2,2021-02-23,,0.0,,2021-02-23,
Tue,2021-02-23,2021,7:30p,Golden State Warriors,114,New York Knicks,106,,1981,2020/2021,Feb,23,2,2021-02-23,,0.0,,2021-02-23,
Tue,2021-02-23,2021,7:30p,Philadelphia 76ers,109,Toronto Raptors,102,,0,2020/2021,Feb,23,2,2021-02-23,,0.0,,2021-02-23,
Tue,2021-02-23,2021,8:00p,Minnesota Timberwolves,112,Milwaukee Bucks,139,,1800,2020/2021,Feb,23,2,2021-02-23,,0.0,,2021-02-23,
Tue,2021-02-23,2021,10:00p,Portland Trail Blazers,106,Denver Nuggets,111,,0,2020/2021,Feb,23,2,2021-02-23,,0.0,,2021-02-23,
Tue,2021-02-23,2021,10:00p,Washington Wizards,116,Los Angeles Clippers,135,,0,2020/2021,Feb,23,2,2021-02-23,,0.0,,2021-02-23,
Wed,2021-02-24,2021,7:30p,Boston Celtics,112,Atlanta Hawks,127,,1537,2020/2021,Feb,24,2,2021-02-24,,0.0,,2021-02-24,
Wed,2021-02-24,2021,7:30p,Houston Rockets,96,Cleveland Cavaliers,112,,2720,2020/2021,Feb,24,2,2021-02-24,,0.0,,2021-02-24,
Wed,2021-02-24,2021,7:30p,Golden State Warriors,111,Indiana Pacers,107,,0,2020/2021,Feb,24,2,2021-02-24,,0.0,,2021-02-24,
Wed,2021-02-24,2021,8:00p,Minnesota Timberwolves,126,Chicago Bulls,133,OT,0,2020/2021,Feb,24,2,2021-02-24,,0.0,,2021-02-24,
Wed,2021-02-24,2021,8:00p,Toronto Raptors,108,Miami Heat,116,,0,2020/2021,Feb,24,2,2021-02-24,,0.0,,2021-02-24,
Wed,2021-02-24,2021,8:00p,Detroit Pistons,118,New Orleans Pelicans,128,,2700,2020/2021,Feb,24,2,2021-02-24,,0.0,,2021-02-24,
Wed,2021-02-24,2021,8:00p,San Antonio Spurs,99,Oklahoma City Thunder,102,,0,2020/2021,Feb,24,2,2021-02-24,,0.0,,2021-02-24,
Wed,2021-02-24,2021,9:00p,Charlotte Hornets,124,Phoenix Suns,121,,3296,2020/2021,Feb,24,2,2021-02-24,,0.0,,2021-02-24,
Wed,2021-02-24,2021,10:00p,Los Angeles Lakers,89,Utah Jazz,114,,4912,2020/2021,Feb,24,2,2021-02-24,,0.0,,2021-02-24,
Thu,2021-02-25,2021,7:00p,Dallas Mavericks,97,Philadelphia 76ers,111,,0,2020/2021,Feb,25,2,2021-02-25,,0.0,,2021-02-25,
Thu,2021-02-25,2021,7:30p,Orlando Magic,92,Brooklyn Nets,129,,327,2020/2021,Feb,25,2,2021-02-25,,0.0,,2021-02-25,
Thu,2021-02-25,2021,7:30p,Sacramento Kings,121,New York Knicks,140,,1981,2020/2021,Feb,25,2,2021-02-25,,0.0,,2021-02-25,
Thu,2021-02-25,2021,8:00p,Los Angeles Clippers,94,Memphis Grizzlies,122,,1896,2020/2021,Feb,25,2,2021-02-25,,0.0,,2021-02-25,
Thu,2021-02-25,2021,9:00p,Washington Wizards,112,Denver Nuggets,110,,0,2020/2021,Feb,25,2,2021-02-25,,0.0,,2021-02-25,
Thu,2021-02-25,2021,9:30p,New Orleans Pelicans,125,Milwaukee Bucks,129,,1800,2020/2021,Feb,25,2,2021-02-25,,0.0,,2021-02-25,
Fri,2021-02-26,2021,7:30p,Indiana Pacers,112,Boston Celtics,118,,0,2020/2021,Feb,26,2,2021-02-26,,0.0,,2021-02-26,
Fri,2021-02-26,2021,7:30p,Houston Rockets,111,Toronto Raptors,122,,0,2020/2021,Feb,26,2,2021-02-26,,0.0,,2021-02-26,
Fri,2021-02-26,2021,8:00p,Phoenix Suns,106,Chicago Bulls,97,,0,2020/2021,Feb,26,2,2021-02-26,,0.0,,2021-02-26,
Fri,2021-02-26,2021,8:00p,Sacramento Kings,110,Detroit Pistons,107,,0,2020/2021,Feb,26,2,2021-02-26,,0.0,,2021-02-26,
Fri,2021-02-26,2021,8:00p,Los Angeles Clippers,119,Memphis Grizzlies,99,,2039,2020/2021,Feb,26,2,2021-02-26,,0.0,,2021-02-26,
Fri,2021-02-26,2021,8:00p,Utah Jazz,116,Miami Heat,124,,0,2020/2021,Feb,26,2,2021-02-26,,0.0,,2021-02-26,
Fri,2021-02-26,2021,8:00p,Atlanta Hawks,109,Oklahoma City Thunder,118,,0,2020/2021,Feb,26,2,2021-02-26,,0.0,,2021-02-26,
Fri,2021-02-26,2021,10:00p,Charlotte Hornets,121,Golden State Warriors,130,,0,2020/2021,Feb,26,2,2021-02-26,,0.0,,2021-02-26,
Fri,2021-02-26,2021,10:00p,Portland Trail Blazers,93,Los Angeles Lakers,102,,0,2020/2021,Feb,26,2,2021-02-26,,0.0,,2021-02-26,
Sat,2021-02-27,2021,7:00p,Cleveland Cavaliers,112,Philadelphia 76ers,109,OT,0,2020/2021,Feb,27,2,2021-02-27,,0.0,,2021-02-27,
Sat,2021-02-27,2021,7:00p,Minnesota Timberwolves,112,Washington Wizards,128,,0,2020/2021,Feb,27,2,2021-02-27,,0.0,,2021-02-27,
Sat,2021-02-27,2021,8:00p,Indiana Pacers,107,New York Knicks,110,,1981,2020/2021,Feb,27,2,2021-02-27,,0.0,,2021-02-27,
Sat,2021-02-27,2021,8:00p,Denver Nuggets,126,Oklahoma City Thunder,96,,0,2020/2021,Feb,27,2,2021-02-27,,0.0,,2021-02-27,
Sat,2021-02-27,2021,8:00p,Utah Jazz,124,Orlando Magic,109,,4242,2020/2021,Feb,27,2,2021-02-27,,0.0,,2021-02-27,
Sat,2021-02-27,2021,8:00p,New Orleans Pelicans,114,San Antonio Spurs,117,,0,2020/2021,Feb,27,2,2021-02-27,,0.0,,2021-02-27,
Sat,2021-02-27,2021,8:30p,Dallas Mavericks,115,Brooklyn Nets,98,,684,2020/2021,Feb,27,2,2021-02-27,,0.0,,2021-02-27,
Sun,2021-02-28,2021,3:30p,Los Angeles Clippers,100,Milwaukee Bucks,105,,1800,2020/2021,Feb,28,2,2021-02-28,,0.0,,2021-02-28,
Sun,2021-02-28,2021,7:00p,Washington Wizards,110,Boston Celtics,111,,0,2020/2021,Feb,28,2,2021-02-28,,0.0,,2021-02-28,
Sun,2021-02-28,2021,8:00p,New York Knicks,109,Detroit Pistons,90,,0,2020/2021,Feb,28,2,2021-02-28,,0.0,,2021-02-28,
Sun,2021-02-28,2021,8:00p,Memphis Grizzlies,133,Houston Rockets,84,,3284,2020/2021,Feb,28,2,2021-02-28,,0.0,,2021-02-28,
Sun,2021-02-28,2021,8:00p,Golden State Warriors,91,Los Angeles Lakers,117,,0,2020/2021,Feb,28,2,2021-02-28,,0.0,,2021-02-28,
Sun,2021-02-28,2021,8:00p,Atlanta Hawks,99,Miami Heat,109,,0,2020/2021,Feb,28,2,2021-02-28,,0.0,,2021-02-28,
Sun,2021-02-28,2021,9:00p,Phoenix Suns,118,Minnesota Timberwolves,99,,0,2020/2021,Feb,28,2,2021-02-28,,0.0,,2021-02-28,
Sun,2021-02-28,2021,10:00p,Charlotte Hornets,127,Sacramento Kings,126,,0,2020/2021,Feb,28,2,2021-02-28,,0.0,,2021-02-28,
Mon,2021-03-01,2021,7:00p,Dallas Mavericks,130,Orlando Magic,124,,3766,2020/2021,Mar,1,3,2021-03-01,,0.0,,2021-03-01,
Mon,2021-03-01,2021,7:00p,Indiana Pacers,114,Philadelphia 76ers,130,,0,2020/2021,Mar,1,3,2021-03-01,,0.0,,2021-03-01,
Mon,2021-03-01,2021,8:00p,Denver Nuggets,118,Chicago Bulls,112,,0,2020/2021,Mar,1,3,2021-03-01,,0.0,,2021-03-01,
Mon,2021-03-01,2021,8:00p,Utah Jazz,124,New Orleans Pelicans,129,,2700,2020/2021,Mar,1,3,2021-03-01,,0.0,,2021-03-01,
Mon,2021-03-01,2021,8:30p,Brooklyn Nets,124,San Antonio Spurs,113,OT,0,2020/2021,Mar,1,3,2021-03-01,,0.0,,2021-03-01,
Mon,2021-03-01,2021,9:00p,Cleveland Cavaliers,101,Houston Rockets,90,,3046,2020/2021,Mar,1,3,2021-03-01,,0.0,,2021-03-01,
Mon,2021-03-01,2021,10:30p,Charlotte Hornets,111,Portland Trail Blazers,123,,0,2020/2021,Mar,1,3,2021-03-01,,0.0,,2021-03-01,
Tue,2021-03-02,2021,7:00p,Memphis Grizzlies,125,Washington Wizards,111,,0,2020/2021,Mar,2,3,2021-03-02,,0.0,,2021-03-02,
Tue,2021-03-02,2021,7:30p,Los Angeles Clippers,112,Boston Celtics,117,,0,2020/2021,Mar,2,3,2021-03-02,,0.0,,2021-03-02,
Tue,2021-03-02,2021,7:30p,Atlanta Hawks,94,Miami Heat,80,,0,2020/2021,Mar,2,3,2021-03-02,,0.0,,2021-03-02,
Tue,2021-03-02,2021,8:30p,New York Knicks,93,San Antonio Spurs,119,,0,2020/2021,Mar,2,3,2021-03-02,,0.0,,2021-03-02,
Tue,2021-03-02,2021,9:00p,Denver Nuggets,128,Milwaukee Bucks,97,,1800,2020/2021,Mar,2,3,2021-03-02,,0.0,,2021-03-02,
Tue,2021-03-02,2021,10:00p,Phoenix Suns,114,Los Angeles Lakers,104,,0,2020/2021,Mar,2,3,2021-03-02,,0.0,,2021-03-02,
Wed,2021-03-03,2021,7:00p,Indiana Pacers,114,Cleveland Cavaliers,111,,2720,2020/2021,Mar,3,3,2021-03-03,,0.0,,2021-03-03,
Wed,2021-03-03,2021,7:00p,Utah Jazz,123,Philadelphia 76ers,131,OT,0,2020/2021,Mar,3,3,2021-03-03,,0.0,,2021-03-03,
Wed,2021-03-03,2021,7:00p,Detroit Pistons,129,Toronto Raptors,105,,0,2020/2021,Mar,3,3,2021-05-25,covid,1.0,1.0,2021-03-03,
Wed,2021-05-16,2021,7:30p,Brooklyn Nets,132,Houston Rockets,114,,3615,2020/2021,Mar,3,3,2021-05-25,,1.0,100.0,2021-03-03,1.0
Wed,2021-03-03,2021,8:00p,Charlotte Hornets,135,Minnesota Timberwolves,102,,0,2020/2021,Mar,3,3,2021-03-03,,0.0,,2021-03-03,
Wed,2021-03-03,2021,8:00p,Chicago Bulls,128,New Orleans Pelicans,124,,2700,2020/2021,Mar,3,3,2021-03-03,,0.0,,2021-03-03,
Wed,2021-03-03,2021,8:00p,Atlanta Hawks,115,Orlando Magic,112,,3969,2020/2021,Mar,3,3,2021-03-03,,0.0,,2021-03-03,
Wed,2021-03-03,2021,8:30p,Oklahoma City Thunder,78,Dallas Mavericks,87,,3508,2020/2021,Mar,3,3,2021-03-03,,0.0,,2021-03-03,
Wed,2021-03-03,2021,10:00p,Golden State Warriors,106,Portland Trail Blazers,108,,0,2020/2021,Mar,3,3,2021-03-03,,0.0,,2021-03-03,
Wed,2021-03-03,2021,10:00p,Los Angeles Lakers,120,Sacramento Kings,123,,0,2020/2021,Mar,3,3,2021-03-03,,0.0,,2021-03-03,
Thu,2021-03-04,2021,7:00p,Toronto Raptors,125,Boston Celtics,132,,0,2020/2021,Mar,4,3,2021-03-04,,0.0,,2021-03-04,
Thu,2021-03-04,2021,7:00p,Los Angeles Clippers,117,Washington Wizards,119,,0,2020/2021,Mar,4,3,2021-03-04,,0.0,,2021-03-04,
Thu,2021-03-04,2021,7:30p,Detroit Pistons,104,New York Knicks,114,,1981,2020/2021,Mar,4,3,2021-03-04,,0.0,,2021-03-04,
Thu,2021-05-16,2021,8:00p,Denver Nuggets,113,Indiana Pacers,103,,0,2020/2021,Mar,4,3,2021-05-25,,1.0,100.0,2021-03-04,1.0
Thu,2021-03-04,2021,8:00p,Milwaukee Bucks,112,Memphis Grizzlies,111,,1961,2020/2021,Mar,4,3,2021-03-04,,0.0,,2021-03-04,
Thu,2021-03-04,2021,8:30p,Miami Heat,103,New Orleans Pelicans,93,,2700,2020/2021,Mar,4,3,2021-03-04,,0.0,,2021-03-04,
Thu,2021-03-04,2021,9:00p,Oklahoma City Thunder,107,San Antonio Spurs,102,,1000,2020/2021,Mar,4,3,2021-03-04,,0.0,,2021-03-04,
Thu,2021-03-04,2021,10:00p,Golden State Warriors,98,Phoenix Suns,120,,3233,2020/2021,Mar,4,3,2021-03-04,covid,1.0,48.0,2021-03-04,
Thu,2021-03-04,2021,10:00p,Sacramento Kings,119,Portland Trail Blazers,123,,0,2020/2021,Mar,4,3,2021-03-04,,0.0,,2021-03-04,
Wed,2021-03-10,2021,8:00p,Washington Wizards,112,Memphis Grizzlies,127,,1912,2020/2021,Mar,10,3,2021-03-10,,0.0,,2021-03-10,
Wed,2021-03-10,2021,8:30p,San Antonio Spurs,104,Dallas Mavericks,115,,3813,2020/2021,Mar,10,3,2021-03-10,,0.0,,2021-03-10,
Thu,2021-03-11,2021,7:00p,Detroit Pistons,102,Charlotte Hornets,105,,0,2020/2021,Mar,11,3,2021-03-11,,0.0,,2021-03-11,
Thu,2021-03-11,2021,7:30p,Boston Celtics,109,Brooklyn Nets,121,,1374,2020/2021,Mar,11,3,2021-03-11,,0.0,,2021-03-11,
Thu,2021-05-16,2021,7:30p,Atlanta Hawks,121,Toronto Raptors,120,,0,2020/2021,Mar,11,3,2021-05-09,,1.0,100.0,2021-03-11,1.0
Thu,2021-03-11,2021,8:00p,Philadelphia 76ers,127,Chicago Bulls,105,,0,2020/2021,Mar,11,3,2021-03-11,,0.0,,2021-03-11,
Thu,2021-05-16,2021,8:00p,Orlando Magic,103,Miami Heat,111,,0,2020/2021,Mar,11,3,2021-05-25,,1.0,100.0,2021-03-11,1.0
Thu,2021-03-11,2021,8:00p,New York Knicks,101,Milwaukee Bucks,134,,1800,2020/2021,Mar,11,3,2021-03-11,,0.0,,2021-03-11,
Thu,2021-03-11,2021,8:00p,Minnesota Timberwolves,135,New Orleans Pelicans,105,,3700,2020/2021,Mar,11,3,2021-03-11,,0.0,,2021-03-11,
Thu,2021-03-11,2021,9:00p,Dallas Mavericks,108,Oklahoma City Thunder,116,,0,2020/2021,Mar,11,3,2021-03-11,,0.0,,2021-03-11,
Thu,2021-03-11,2021,10:00p,Golden State Warriors,104,Los Angeles Clippers,130,,0,2020/2021,Mar,11,3,2021-03-11,,0.0,,2021-03-11,
Thu,2021-03-11,2021,10:00p,Phoenix Suns,127,Portland Trail Blazers,121,,0,2020/2021,Mar,11,3,2021-03-11,,0.0,,2021-03-11,
Thu,2021-03-11,2021,10:00p,Houston Rockets,105,Sacramento Kings,125,,0,2020/2021,Mar,11,3,2021-03-11,,0.0,,2021-03-11,
Fri,2021-03-12,2021,8:00p,Denver Nuggets,103,Memphis Grizzlies,102,,2160,2020/2021,Mar,12,3,2021-03-12,,0.0,,2021-03-12,
Fri,2021-03-12,2021,8:00p,Cleveland Cavaliers,82,New Orleans Pelicans,116,,3700,2020/2021,Mar,12,3,2021-03-12,,0.0,,2021-03-12,
Fri,2021-03-12,2021,8:00p,Philadelphia 76ers,127,Washington Wizards,101,,0,2020/2021,Mar,12,3,2021-03-12,,0.0,,2021-03-12,
Fri,2021-03-12,2021,9:00p,Miami Heat,101,Chicago Bulls,90,,0,2020/2021,Mar,12,3,2021-03-12,,0.0,,2021-03-12,
Fri,2021-05-16,2021,9:00p,Orlando Magic,77,San Antonio Spurs,104,,3241,2020/2021,Mar,12,3,2021-05-26,,1.0,100.0,2021-03-12,1.0
Fri,2021-05-16,2021,10:00p,Houston Rockets,99,Utah Jazz,114,,5546,2020/2021,Mar,12,3,2021-05-26,,1.0,100.0,2021-03-12,1.0
Fri,2021-03-12,2021,10:30p,Indiana Pacers,100,Los Angeles Lakers,105,,0,2020/2021,Mar,12,3,2021-03-12,,0.0,,2021-03-12,
Sat,2021-03-13,2021,2:00p,New York Knicks,119,Oklahoma City Thunder,97,,0,2020/2021,Mar,13,3,2021-03-13,,0.0,,2021-03-13,
Sat,2021-03-13,2021,7:00p,Detroit Pistons,95,Brooklyn Nets,100,,1364,2020/2021,Mar,13,3,2021-03-13,,0.0,,2021-03-13,
Sat,2021-03-13,2021,7:00p,Toronto Raptors,104,Charlotte Hornets,114,,2861,2020/2021,Mar,13,3,2021-03-13,,0.0,,2021-03-13,
Sat,2021-03-13,2021,7:00p,Milwaukee Bucks,125,Washington Wizards,119,,0,2020/2021,Mar,13,3,2021-03-13,,0.0,,2021-03-13,
Sat,2021-03-13,2021,7:30p,Sacramento Kings,106,Atlanta Hawks,121,,2347,2020/2021,Mar,13,3,2021-03-13,,0.0,,2021-03-13,
Sat,2021-03-13,2021,8:00p,Portland Trail Blazers,125,Minnesota Timberwolves,121,,0,2020/2021,Mar,13,3,2021-03-13,,0.0,,2021-03-13,
Sat,2021-03-13,2021,10:00p,Dallas Mavericks,116,Denver Nuggets,103,,0,2020/2021,Mar,13,3,2021-03-13,,0.0,,2021-03-13,
Sat,2021-03-13,2021,10:00p,Indiana Pacers,122,Phoenix Suns,111,,3166,2020/2021,Mar,13,3,2021-05-26,covid,1.0,56.0,2021-03-13,
Sun,2021-03-14,2021,2:00p,Memphis Grizzlies,122,Oklahoma City Thunder,128,,0,2020/2021,Mar,14,3,2021-03-14,,0.0,,2021-03-14,
Sun,2021-03-14,2021,4:00p,Utah Jazz,119,Golden State Warriors,131,,0,2020/2021,Mar,14,3,2021-03-14,,0.0,,2021-03-14,
Sun,2021-03-14,2021,6:30p,San Antonio Spurs,99,Philadelphia 76ers,134,,3071,2020/2021,Mar,14,3,2021-03-14,,0.0,,2021-03-14,
Sun,2021-03-14,2021,7:00p,Miami Heat,102,Orlando Magic,97,,3264,2020/2021,Mar,14,3,2021-03-14,,0.0,,2021-03-14,
Sun,2021-03-14,2021,7:30p,Cleveland Cavaliers,82,Atlanta Hawks,100,,2322,2020/2021,Mar,14,3,2021-03-14,,0.0,,2021-03-14,
Sun,2021-03-14,2021,8:00p,Boston Celtics,134,Houston Rockets,107,,3264,2020/2021,Mar,14,3,2021-03-14,,0.0,,2021-03-14,
Sun,2021-03-14,2021,8:00p,Portland Trail Blazers,112,Minnesota Timberwolves,114,,0,2020/2021,Mar,14,3,2021-03-14,,0.0,,2021-03-14,
Sun,2021-03-14,2021,9:00p,Toronto Raptors,95,Chicago Bulls,118,,0,2020/2021,Mar,14,3,2021-03-14,,0.0,,2021-03-14,
Sun,2021-03-14,2021,9:00p,Los Angeles Clippers,115,New Orleans Pelicans,135,,3700,2020/2021,Mar,14,3,2021-03-14,,0.0,,2021-03-14,
Mon,2021-03-15,2021,7:00p,Sacramento Kings,116,Charlotte Hornets,122,,2861,2020/2021,Mar,15,3,2021-03-15,,0.0,,2021-03-15,
Mon,2021-03-15,2021,7:00p,Milwaukee Bucks,133,Washington Wizards,122,,0,2020/2021,Mar,15,3,2021-03-15,,0.0,,2021-03-15,
Mon,2021-03-15,2021,8:00p,New York Knicks,112,Brooklyn Nets,117,,1637,2020/2021,Mar,15,3,2021-03-15,,0.0,,2021-03-15,
Mon,2021-03-15,2021,8:00p,San Antonio Spurs,109,Detroit Pistons,99,,0,2020/2021,Mar,15,3,2021-05-23,covid,1.0,27.0,2021-03-15,
Mon,2021-03-15,2021,9:00p,Los Angeles Clippers,109,Dallas Mavericks,99,,3945,2020/2021,Mar,15,3,2021-03-15,,0.0,,2021-03-15,
Mon,2021-03-15,2021,10:00p,Indiana Pacers,106,Denver Nuggets,121,,0,2020/2021,Mar,15,3,2021-03-15,,0.0,,2021-03-15,
Mon,2021-05-16,2021,10:00p,Memphis Grizzlies,99,Phoenix Suns,122,,3188,2020/2021,Mar,15,3,2021-05-25,,1.0,100.0,2021-03-15,1.0
Mon,2021-03-15,2021,10:30p,Los Angeles Lakers,128,Golden State Warriors,97,,0,2020/2021,Mar,15,3,2021-03-15,,0.0,,2021-03-15,
Tue,2021-03-16,2021,7:30p,Utah Jazz,117,Boston Celtics,109,,0,2020/2021,Mar,16,3,2021-03-16,,0.0,,2021-03-16,
Tue,2021-03-16,2021,8:00p,Oklahoma City Thunder,102,Chicago Bulls,123,,0,2020/2021,Mar,16,3,2021-03-16,,0.0,,2021-03-16,
Tue,2021-03-16,2021,8:00p,Atlanta Hawks,119,Houston Rockets,107,,3069,2020/2021,Mar,16,3,2021-03-16,,0.0,,2021-03-16,
Tue,2021-03-16,2021,8:00p,Cleveland Cavaliers,98,Miami Heat,113,,0,2020/2021,Mar,16,3,2021-03-16,,0.0,,2021-03-16,
Tue,2021-03-16,2021,8:00p,New York Knicks,96,Philadelphia 76ers,99,,3071,2020/2021,Mar,16,3,2021-03-16,,0.0,,2021-03-16,
Tue,2021-03-16,2021,10:00p,New Orleans Pelicans,124,Portland Trail Blazers,125,,0,2020/2021,Mar,16,3,2021-03-16,,0.0,,2021-03-16,
Tue,2021-03-16,2021,10:30p,Minnesota Timberwolves,121,Los Angeles Lakers,137,,0,2020/2021,Mar,16,3,2021-03-16,,0.0,,2021-03-16,
Wed,2021-03-17,2021,7:00p,Toronto Raptors,112,Detroit Pistons,116,,750,2020/2021,Mar,17,3,2021-03-17,,0.0,,2021-03-17,
Wed,2021-03-17,2021,7:00p,Brooklyn Nets,124,Indiana Pacers,115,,0,2020/2021,Mar,17,3,2021-03-17,,0.0,,2021-03-17,
Wed,2021-03-17,2021,7:00p,Milwaukee Bucks,109,Philadelphia 76ers,105,OT,3071,2020/2021,Mar,17,3,2021-03-17,,0.0,,2021-03-17,
Wed,2021-03-17,2021,7:00p,Sacramento Kings,121,Washington Wizards,119,,0,2020/2021,Mar,17,3,2021-03-17,,0.0,,2021-03-17,
Wed,2021-03-17,2021,8:00p,San Antonio Spurs,106,Chicago Bulls,99,,0,2020/2021,Mar,17,3,2021-03-17,,0.0,,2021-03-17,
Wed,2021-03-17,2021,8:00p,Boston Celtics,110,Cleveland Cavaliers,117,,4100,2020/2021,Mar,17,3,2021-03-17,,0.0,,2021-03-17,
Wed,2021-03-17,2021,8:00p,Golden State Warriors,108,Houston Rockets,94,,3259,2020/2021,Mar,17,3,2021-03-17,,0.0,,2021-03-17,
Wed,2021-03-17,2021,9:00p,Charlotte Hornets,104,Denver Nuggets,129,,0,2020/2021,Mar,17,3,2021-03-17,,0.0,,2021-03-17,
Wed,2021-03-17,2021,9:00p,Miami Heat,85,Memphis Grizzlies,89,,2217,2020/2021,Mar,17,3,2021-03-17,,0.0,,2021-03-17,
Wed,2021-03-17,2021,9:30p,Los Angeles Clippers,89,Dallas Mavericks,105,,3975,2020/2021,Mar,17,3,2021-03-17,,0.0,,2021-03-17,
Thu,2021-03-18,2021,7:00p,Utah Jazz,122,Washington Wizards,131,,0,2020/2021,Mar,18,3,2021-03-20,covid,1.0,64.0,2021-03-18,
Thu,2021-03-18,2021,7:30p,Oklahoma City Thunder,93,Atlanta Hawks,116,,2621,2020/2021,Mar,18,3,2021-03-18,,0.0,,2021-03-18,
Thu,2021-03-18,2021,7:30p,Orlando Magic,93,New York Knicks,94,,1531,2020/2021,Mar,18,3,2021-03-18,,0.0,,2021-03-18,
Thu,2021-03-18,2021,10:00p,Minnesota Timberwolves,123,Phoenix Suns,119,,3172,2020/2021,Mar,18,3,2021-03-18,,0.0,,2021-03-18,
Thu,2021-03-18,2021,10:00p,New Orleans Pelicans,93,Portland Trail Blazers,101,,0,2020/2021,Mar,18,3,2021-03-18,,0.0,,2021-03-18,
Thu,2021-03-18,2021,10:30p,Charlotte Hornets,105,Los Angeles Lakers,116,,0,2020/2021,Mar,18,3,2021-03-18,,0.0,,2021-03-18,
Fri,2021-03-19,2021,7:30p,Sacramento Kings,107,Boston Celtics,96,,0,2020/2021,Mar,19,3,2021-03-19,,0.0,,2021-03-19,
Fri,2021-03-19,2021,7:30p,San Antonio Spurs,116,Cleveland Cavaliers,110,,0,2020/2021,Mar,19,3,2021-05-24,covid,1.0,30.0,2021-03-19,
Fri,2021-03-19,2021,8:00p,Detroit Pistons,113,Houston Rockets,100,,3061,2020/2021,Mar,19,3,2021-03-19,,0.0,,2021-03-19,
Fri,2021-03-19,2021,8:00p,Golden State Warriors,116,Memphis Grizzlies,103,,2716,2020/2021,Mar,19,3,2021-03-19,,0.0,,2021-03-19,
Fri,2021-03-19,2021,8:00p,Indiana Pacers,137,Miami Heat,110,,0,2020/2021,Mar,19,3,2021-03-19,,0.0,,2021-03-19,
Fri,2021-03-19,2021,8:00p,Brooklyn Nets,113,Orlando Magic,121,,3665,2020/2021,Mar,19,3,2021-03-19,,0.0,,2021-03-19,
Fri,2021-03-19,2021,8:00p,Utah Jazz,115,Toronto Raptors,112,,0,2020/2021,Mar,19,3,2021-03-19,,0.0,,2021-03-19,
Fri,2021-03-19,2021,9:00p,Chicago Bulls,127,Denver Nuggets,131,OT,0,2020/2021,Mar,19,3,2021-03-19,,0.0,,2021-03-19,
Fri,2021-03-19,2021,10:00p,Minnesota Timberwolves,101,Phoenix Suns,113,,3124,2020/2021,Mar,19,3,2021-03-19,,0.0,,2021-03-19,
Fri,2021-05-16,2021,10:00p,Dallas Mavericks,119,Portland Trail Blazers,125,,0,2020/2021,Mar,19,3,2021-05-17,,1.0,100.0,2021-03-19,1.0
Sat,2021-03-20,2021,3:30p,Atlanta Hawks,99,Los Angeles Lakers,94,,0,2020/2021,Mar,20,3,2021-03-20,,0.0,,2021-03-20,
Sat,2021-03-20,2021,8:00p,Golden State Warriors,103,Memphis Grizzlies,111,,0,2020/2021,Mar,20,3,2021-03-20,,0.0,,2021-03-20,
Sat,2021-03-20,2021,8:00p,Sacramento Kings,105,Philadelphia 76ers,129,,3071,2020/2021,Mar,20,3,2021-03-20,,0.0,,2021-03-20,
Sat,2021-03-20,2021,9:00p,San Antonio Spurs,113,Milwaukee Bucks,120,,3280,2020/2021,Mar,20,3,2021-03-20,,0.0,,2021-03-20,
Sat,2021-05-16,2021,10:00p,Charlotte Hornets,98,Los Angeles Clippers,125,,0,2020/2021,Mar,20,3,2021-05-25,,1.0,100.0,2021-03-20,1.0
Sun,2021-03-21,2021,1:00p,Indiana Pacers,109,Miami Heat,106,OT,0,2020/2021,Mar,21,3,2021-03-21,,0.0,,2021-03-21,
Sun,2021-03-21,2021,2:00p,Oklahoma City Thunder,114,Houston Rockets,112,,3297,2020/2021,Mar,21,3,2021-05-17,covid,1.0,88.0,2021-03-21,
Sun,2021-03-21,2021,3:00p,New Orleans Pelicans,113,Denver Nuggets,108,,0,2020/2021,Mar,21,3,2021-03-21,,0.0,,2021-03-21,
Sun,2021-03-21,2021,3:30p,Orlando Magic,96,Boston Celtics,112,,0,2020/2021,Mar,21,3,2021-05-18,covid,1.0,67.0,2021-03-21,
Sun,2021-03-21,2021,7:00p,Washington Wizards,106,Brooklyn Nets,113,,1773,2020/2021,Mar,21,3,2021-03-21,,0.0,,2021-03-21,
Sun,2021-03-21,2021,7:00p,Toronto Raptors,105,Cleveland Cavaliers,116,,0,2020/2021,Mar,21,3,2021-03-21,,0.0,,2021-03-21,
Sun,2021-03-21,2021,7:00p,Chicago Bulls,100,Detroit Pistons,86,,750,2020/2021,Mar,21,3,2021-03-21,,0.0,,2021-03-21,
Sun,2021-03-21,2021,8:00p,Philadelphia 76ers,101,New York Knicks,100,OT,1981,2020/2021,Mar,21,3,2021-03-21,,0.0,,2021-03-21,
Sun,2021-03-21,2021,10:00p,Los Angeles Lakers,94,Phoenix Suns,111,,3190,2020/2021,Mar,21,3,2021-03-21,,0.0,,2021-03-21,
Sun,2021-03-21,2021,10:00p,Dallas Mavericks,132,Portland Trail Blazers,92,,0,2020/2021,Mar,21,3,2021-03-21,,0.0,,2021-03-21,
Mon,2021-03-22,2021,7:30p,Sacramento Kings,119,Cleveland Cavaliers,105,,4100,2020/2021,Mar,22,3,2021-03-22,,0.0,,2021-03-22,
Mon,2021-05-16,2021,8:00p,Oklahoma City Thunder,112,Minnesota Timberwolves,103,,0,2020/2021,Mar,22,3,2021-05-25,,1.0,100.0,2021-03-22,1.0
Mon,2021-03-22,2021,8:30p,Charlotte Hornets,100,San Antonio Spurs,97,,3222,2020/2021,Mar,22,3,2021-03-22,,0.0,,2021-03-22,
Mon,2021-03-22,2021,9:00p,Utah Jazz,120,Chicago Bulls,95,,0,2020/2021,Mar,22,3,2021-03-22,,0.0,,2021-03-22,
Mon,2021-05-16,2021,9:00p,Toronto Raptors,99,Houston Rockets,117,,2965,2020/2021,Mar,22,3,2021-05-28,,1.0,100.0,2021-03-22,1.0
Mon,2021-03-22,2021,9:00p,Boston Celtics,126,Memphis Grizzlies,132,OT,2319,2020/2021,Mar,22,3,2021-03-22,,0.0,,2021-03-22,
Mon,2021-03-22,2021,9:00p,Indiana Pacers,113,Milwaukee Bucks,140,,3280,2020/2021,Mar,22,3,2021-03-22,,0.0,,2021-03-22,
Mon,2021-03-22,2021,10:00p,Atlanta Hawks,110,Los Angeles Clippers,119,,0,2020/2021,Mar,22,3,2021-03-22,,0.0,,2021-03-22,
Tue,2021-03-23,2021,7:00p,Denver Nuggets,110,Orlando Magic,99,,3485,2020/2021,Mar,23,3,2021-03-23,,0.0,,2021-03-23,
Tue,2021-03-23,2021,7:30p,Los Angeles Lakers,111,New Orleans Pelicans,128,,3700,2020/2021,Mar,23,3,2021-03-23,,0.0,,2021-03-23,
Tue,2021-05-16,2021,7:30p,Washington Wizards,113,New York Knicks,131,,1589,2020/2021,Mar,23,3,2021-05-25,,1.0,100.0,2021-03-23,1.0
Tue,2021-03-23,2021,8:00p,Phoenix Suns,110,Miami Heat,100,,0,2020/2021,Mar,23,3,2021-03-23,,0.0,,2021-03-23,
Tue,2021-03-23,2021,10:00p,Philadelphia 76ers,108,Golden State Warriors,98,,0,2020/2021,Mar,23,3,2021-03-23,,0.0,,2021-03-23,
Tue,2021-03-23,2021,10:00p,Brooklyn Nets,116,Portland Trail Blazers,112,,0,2020/2021,Mar,23,3,2021-03-23,,0.0,,2021-03-23,
Wed,2021-03-24,2021,7:00p,Detroit Pistons,111,Indiana Pacers,116,,0,2020/2021,Mar,24,3,2021-03-24,,0.0,,2021-03-24,
Wed,2021-03-24,2021,7:30p,Boston Celtics,119,Milwaukee Bucks,121,,3280,2020/2021,Mar,24,3,2021-03-24,,0.0,,2021-03-24,
Wed,2021-03-24,2021,7:30p,Denver Nuggets,111,Toronto Raptors,135,,1578,2020/2021,Mar,24,3,2021-03-24,,0.0,,2021-03-24,
Wed,2021-03-24,2021,8:00p,Cleveland Cavaliers,103,Chicago Bulls,94,,0,2020/2021,Mar,24,3,2021-03-24,,0.0,,2021-03-24,
Wed,2021-03-24,2021,8:00p,Charlotte Hornets,122,Houston Rockets,97,,3163,2020/2021,Mar,24,3,2021-03-24,,0.0,,2021-03-24,
Wed,2021-03-24,2021,8:00p,Dallas Mavericks,128,Minnesota Timberwolves,108,,0,2020/2021,Mar,24,3,2021-03-24,,0.0,,2021-03-24,
Wed,2021-03-24,2021,8:00p,Memphis Grizzlies,116,Oklahoma City Thunder,107,,0,2020/2021,Mar,24,3,2021-03-24,,0.0,,2021-03-24,
Wed,2021-03-24,2021,8:00p,Phoenix Suns,111,Orlando Magic,112,,3891,2020/2021,Mar,24,3,2021-03-24,,0.0,,2021-03-24,
Wed,2021-03-24,2021,8:30p,Los Angeles Clippers,134,San Antonio Spurs,101,,3224,2020/2021,Mar,24,3,2021-03-24,,0.0,,2021-03-24,
Wed,2021-03-24,2021,10:00p,Atlanta Hawks,108,Sacramento Kings,110,,0,2020/2021,Mar,24,3,2021-03-24,,0.0,,2021-03-24,
Wed,2021-03-24,2021,10:00p,Brooklyn Nets,88,Utah Jazz,118,,5546,2020/2021,Mar,24,3,2021-03-24,,0.0,,2021-03-24,
Thu,2021-03-25,2021,7:30p,Portland Trail Blazers,125,Miami Heat,122,,0,2020/2021,Mar,25,3,2021-03-25,,0.0,,2021-03-25,
Thu,2021-03-25,2021,7:30p,Washington Wizards,102,New York Knicks,106,,1817,2020/2021,Mar,25,3,2021-03-25,,0.0,,2021-03-25,
Thu,2021-03-25,2021,8:30p,Los Angeles Clippers,98,San Antonio Spurs,85,,3225,2020/2021,Mar,25,3,2021-03-25,,0.0,,2021-03-25,
Thu,2021-03-25,2021,10:00p,Philadelphia 76ers,109,Los Angeles Lakers,101,,0,2020/2021,Mar,25,3,2021-03-25,,0.0,,2021-03-25,
Thu,2021-05-16,2021,10:00p,Golden State Warriors,119,Sacramento Kings,141,,0,2020/2021,Mar,25,3,2021-04-07,,1.0,100.0,2021-03-25,1.0
Fri,2021-03-26,2021,7:00p,Brooklyn Nets,113,Detroit Pistons,111,,750,2020/2021,Mar,26,3,2021-03-26,,0.0,,2021-03-26,
Fri,2021-03-26,2021,7:30p,Boston Celtics,122,Milwaukee Bucks,114,,3280,2020/2021,Mar,26,3,2021-03-26,,0.0,,2021-03-26,
Fri,2021-03-26,2021,7:30p,Phoenix Suns,104,Toronto Raptors,100,,0,2020/2021,Mar,26,3,2021-03-26,,0.0,,2021-03-26,
Fri,2021-03-26,2021,8:00p,Miami Heat,105,Charlotte Hornets,110,,4215,2020/2021,Mar,26,3,2021-03-26,,0.0,,2021-03-26,
Fri,2021-03-26,2021,8:00p,Houston Rockets,101,Minnesota Timberwolves,107,,0,2020/2021,Mar,26,3,2021-03-26,,0.0,,2021-03-26,
Fri,2021-03-26,2021,8:00p,Denver Nuggets,113,New Orleans Pelicans,108,,3700,2020/2021,Mar,26,3,2021-03-26,,0.0,,2021-03-26,
Fri,2021-03-26,2021,8:00p,Portland Trail Blazers,112,Orlando Magic,105,,3827,2020/2021,Mar,26,3,2021-03-26,,0.0,,2021-03-26,
Fri,2021-03-26,2021,8:30p,Indiana Pacers,109,Dallas Mavericks,94,,4132,2020/2021,Mar,26,3,2021-03-26,,0.0,,2021-03-26,
Fri,2021-03-26,2021,9:00p,Memphis Grizzlies,114,Utah Jazz,117,,5546,2020/2021,Mar,26,3,2021-03-26,,0.0,,2021-03-26,
Fri,2021-03-26,2021,10:00p,Atlanta Hawks,124,Golden State Warriors,108,,0,2020/2021,Mar,26,3,2021-03-26,,0.0,,2021-03-26,
Fri,2021-03-26,2021,10:30p,Cleveland Cavaliers,86,Los Angeles Lakers,100,,0,2020/2021,Mar,26,3,2021-03-26,,0.0,,2021-03-26,
Sat,2021-03-27,2021,8:00p,New York Knicks,102,Milwaukee Bucks,96,,3280,2020/2021,Mar,27,3,2021-03-27,,0.0,,2021-03-27,
Sat,2021-03-27,2021,8:00p,Houston Rockets,129,Minnesota Timberwolves,107,,0,2020/2021,Mar,27,3,2021-03-27,,0.0,,2021-03-27,
Sat,2021-03-27,2021,8:00p,Detroit Pistons,92,Washington Wizards,106,,0,2020/2021,Mar,27,3,2021-03-27,,0.0,,2021-03-27,
Sat,2021-03-27,2021,8:30p,Chicago Bulls,104,San Antonio Spurs,120,,3334,2020/2021,Mar,27,3,2021-03-27,,0.0,,2021-03-27,
Sat,2021-03-27,2021,9:00p,Dallas Mavericks,103,New Orleans Pelicans,112,,3700,2020/2021,Mar,27,3,2021-03-27,,0.0,,2021-03-27,
Sat,2021-03-27,2021,9:00p,Boston Celtics,111,Oklahoma City Thunder,94,,0,2020/2021,Mar,27,3,2021-03-27,,0.0,,2021-03-27,
Sat,2021-03-27,2021,9:00p,Memphis Grizzlies,110,Utah Jazz,126,,5546,2020/2021,Mar,27,3,2021-03-27,,0.0,,2021-03-27,
Sat,2021-03-27,2021,10:00p,Philadelphia 76ers,112,Los Angeles Clippers,122,,0,2020/2021,Mar,27,3,2021-03-27,,0.0,,2021-03-27,
Sat,2021-03-27,2021,10:00p,Cleveland Cavaliers,98,Sacramento Kings,100,,0,2020/2021,Mar,27,3,2021-03-27,,0.0,,2021-03-27,
Sun,2021-03-28,2021,1:00p,Phoenix Suns,101,Charlotte Hornets,97,OT,3850,2020/2021,Mar,28,3,2021-03-28,,0.0,,2021-03-28,
Sun,2021-03-28,2021,7:00p,Portland Trail Blazers,122,Toronto Raptors,117,,2021,2020/2021,Mar,28,3,2021-03-28,,0.0,,2021-03-28,
Sun,2021-03-28,2021,9:00p,Atlanta Hawks,102,Denver Nuggets,126,,0,2020/2021,Mar,28,3,2021-03-28,,0.0,,2021-03-28,
Sun,2021-03-28,2021,10:00p,Orlando Magic,93,Los Angeles Lakers,96,,0,2020/2021,Mar,28,3,2021-03-28,,0.0,,2021-03-28,
Mon,2021-03-29,2021,7:00p,Indiana Pacers,124,Washington Wizards,132,,0,2020/2021,Mar,29,3,2021-03-29,,0.0,,2021-03-29,
Mon,2021-03-29,2021,7:30p,New Orleans Pelicans,115,Boston Celtics,109,,2298,2020/2021,Mar,29,3,2021-03-29,,0.0,,2021-03-29,
Mon,2021-05-16,2021,7:30p,Minnesota Timberwolves,107,Brooklyn Nets,112,,1732,2020/2021,Mar,29,3,2021-05-26,,1.0,100.0,2021-03-29,1.0
Mon,2021-03-29,2021,7:30p,Miami Heat,98,New York Knicks,88,,1981,2020/2021,Mar,29,3,2021-03-29,,0.0,,2021-03-29,
Mon,2021-03-29,2021,8:00p,Toronto Raptors,104,Detroit Pistons,118,,750,2020/2021,Mar,29,3,2021-03-29,,0.0,,2021-03-29,
Mon,2021-03-29,2021,8:00p,Memphis Grizzlies,120,Houston Rockets,110,,3319,2020/2021,Mar,29,3,2021-03-29,,0.0,,2021-03-29,
Mon,2021-03-29,2021,8:00p,Dallas Mavericks,127,Oklahoma City Thunder,106,,0,2020/2021,Mar,29,3,2021-03-29,,0.0,,2021-03-29,
Mon,2021-03-29,2021,8:30p,Sacramento Kings,132,San Antonio Spurs,115,,2876,2020/2021,Mar,29,3,2021-03-29,,0.0,,2021-03-29,
Mon,2021-03-29,2021,9:00p,Cleveland Cavaliers,75,Utah Jazz,114,,5546,2020/2021,Mar,29,3,2021-03-29,,0.0,,2021-03-29,
Mon,2021-03-29,2021,10:00p,Chicago Bulls,102,Golden State Warriors,116,,0,2020/2021,Mar,29,3,2021-03-29,,0.0,,2021-03-29,
Mon,2021-05-16,2021,10:00p,Milwaukee Bucks,105,Los Angeles Clippers,129,,0,2020/2021,Mar,29,3,2021-05-08,,1.0,100.0,2021-03-29,1.0
Tue,2021-03-30,2021,7:00p,Charlotte Hornets,114,Washington Wizards,104,,0,2020/2021,Mar,30,3,2021-03-30,,0.0,,2021-03-30,
Tue,2021-03-30,2021,9:00p,Philadelphia 76ers,95,Denver Nuggets,104,,3574,2020/2021,Mar,30,3,2021-03-30,,0.0,,2021-03-30,
Tue,2021-03-30,2021,10:00p,Orlando Magic,103,Los Angeles Clippers,96,,0,2020/2021,Mar,30,3,2021-03-30,,0.0,,2021-03-30,
Tue,2021-03-30,2021,10:00p,Atlanta Hawks,110,Phoenix Suns,117,,3173,2020/2021,Mar,30,3,2021-05-28,covid,1.0,76.0,2021-03-30,
Wed,2021-03-31,2021,7:00p,Portland Trail Blazers,124,Detroit Pistons,101,,750,2020/2021,Mar,31,3,2021-03-31,,0.0,,2021-03-31,
Wed,2021-03-31,2021,7:00p,Miami Heat,92,Indiana Pacers,87,,0,2020/2021,Mar,31,3,2021-03-31,,0.0,,2021-03-31,
Wed,2021-03-31,2021,7:30p,Dallas Mavericks,113,Boston Celtics,108,,2298,2020/2021,Mar,31,3,2021-03-31,,0.0,,2021-03-31,
Wed,2021-03-31,2021,7:30p,Houston Rockets,108,Brooklyn Nets,120,,1773,2020/2021,Mar,31,3,2021-03-31,,0.0,,2021-03-31,
Wed,2021-03-31,2021,8:00p,Utah Jazz,111,Memphis Grizzlies,107,,2314,2020/2021,Mar,31,3,2021-03-31,,0.0,,2021-03-31,
Wed,2021-03-31,2021,8:00p,New York Knicks,101,Minnesota Timberwolves,102,,0,2020/2021,Mar,31,3,2021-03-31,,0.0,,2021-03-31,
Wed,2021-03-31,2021,8:00p,Toronto Raptors,103,Oklahoma City Thunder,113,,0,2020/2021,Mar,31,3,2021-03-31,,0.0,,2021-03-31,
Wed,2021-03-31,2021,8:30p,Sacramento Kings,106,San Antonio Spurs,120,,2802,2020/2021,Mar,31,3,2021-03-31,,0.0,,2021-03-31,
Wed,2021-03-31,2021,10:00p,Milwaukee Bucks,112,Los Angeles Lakers,97,,0,2020/2021,Mar,31,3,2021-03-31,,0.0,,2021-03-31,
Wed,2021-03-31,2021,10:00p,Chicago Bulls,116,Phoenix Suns,121,,3459,2020/2021,Mar,31,3,2021-03-31,,0.0,,2021-03-31,
Thu,2021-04-01,2021,7:00p,Philadelphia 76ers,114,Cleveland Cavaliers,94,,4100,2020/2021,Apr,1,4,2021-04-01,,0.0,,2021-04-01,
Thu,2021-04-01,2021,7:00p,Washington Wizards,91,Detroit Pistons,120,,750,2020/2021,Apr,1,4,2021-04-01,covid,1.0,76.0,2021-04-01,
Thu,2021-04-01,2021,7:30p,Charlotte Hornets,89,Brooklyn Nets,111,,1773,2020/2021,Apr,1,4,2021-04-01,,0.0,,2021-04-01,
Thu,2021-04-01,2021,8:00p,Golden State Warriors,109,Miami Heat,116,,0,2020/2021,Apr,1,4,2021-04-01,,0.0,,2021-04-01,
Thu,2021-04-01,2021,8:00p,Orlando Magic,115,New Orleans Pelicans,110,OT,3700,2020/2021,Apr,1,4,2021-04-01,,0.0,,2021-04-01,
Thu,2021-04-01,2021,8:30p,Atlanta Hawks,134,San Antonio Spurs,129,2OT,2949,2020/2021,Apr,1,4,2021-04-01,,0.0,,2021-04-01,
Thu,2021-04-01,2021,10:00p,Denver Nuggets,101,Los Angeles Clippers,94,,0,2020/2021,Apr,1,4,2021-04-01,,0.0,,2021-04-01,
Fri,2021-04-02,2021,7:00p,Golden State Warriors,77,Toronto Raptors,130,,3085,2020/2021,Apr,2,4,2021-04-02,,0.0,,2021-04-02,
Fri,2021-04-02,2021,7:30p,Houston Rockets,102,Boston Celtics,118,,0,2020/2021,Apr,2,4,2021-04-02,,0.0,,2021-04-02,
Fri,2021-04-02,2021,7:30p,Dallas Mavericks,99,New York Knicks,86,,1981,2020/2021,Apr,2,4,2021-04-02,,0.0,,2021-04-02,
Fri,2021-04-02,2021,8:00p,Charlotte Hornets,114,Indiana Pacers,97,,0,2020/2021,Apr,2,4,2021-04-02,,0.0,,2021-04-02,
Fri,2021-04-02,2021,8:00p,Minnesota Timberwolves,108,Memphis Grizzlies,120,,2987,2020/2021,Apr,2,4,2021-04-02,,0.0,,2021-04-02,
Fri,2021-04-02,2021,9:00p,Atlanta Hawks,126,New Orleans Pelicans,103,,3700,2020/2021,Apr,2,4,2021-04-02,,0.0,,2021-04-02,
Fri,2021-04-02,2021,9:00p,Chicago Bulls,106,Utah Jazz,113,,5546,2020/2021,Apr,2,4,2021-04-02,,0.0,,2021-04-02,
Fri,2021-04-02,2021,10:00p,Oklahoma City Thunder,103,Phoenix Suns,140,,3422,2020/2021,Apr,2,4,2021-04-02,,0.0,,2021-04-02,
Fri,2021-04-02,2021,10:00p,Milwaukee Bucks,127,Portland Trail Blazers,109,,0,2020/2021,Apr,2,4,2021-04-02,,0.0,,2021-04-02,
Fri,2021-04-02,2021,10:00p,Los Angeles Lakers,115,Sacramento Kings,94,,0,2020/2021,Apr,2,4,2021-04-02,,0.0,,2021-04-02,
Sat,2021-04-03,2021,7:00p,Dallas Mavericks,109,Washington Wizards,87,,0,2020/2021,Apr,3,4,2021-04-03,,0.0,,2021-04-03,
Sat,2021-04-03,2021,8:00p,New York Knicks,125,Detroit Pistons,81,,750,2020/2021,Apr,3,4,2021-04-03,,0.0,,2021-04-03,
Sat,2021-04-03,2021,8:00p,Cleveland Cavaliers,101,Miami Heat,115,,0,2020/2021,Apr,3,4,2021-04-03,,0.0,,2021-04-03,
Sat,2021-04-03,2021,8:00p,Minnesota Timberwolves,113,Philadelphia 76ers,122,,3071,2020/2021,Apr,3,4,2021-04-03,,0.0,,2021-04-03,
Sat,2021-04-03,2021,9:00p,Indiana Pacers,139,San Antonio Spurs,133,OT,3276,2020/2021,Apr,3,4,2021-04-03,,0.0,,2021-04-03,
Sat,2021-04-03,2021,9:00p,Orlando Magic,91,Utah Jazz,137,,5546,2020/2021,Apr,3,4,2021-04-03,,0.0,,2021-04-03,
Sat,2021-04-03,2021,10:00p,Oklahoma City Thunder,85,Portland Trail Blazers,133,,0,2020/2021,Apr,3,4,2021-04-03,,0.0,,2021-04-03,
Sat,2021-04-03,2021,10:00p,Milwaukee Bucks,129,Sacramento Kings,128,,0,2020/2021,Apr,3,4,2021-04-03,,0.0,,2021-04-03,
Sun,2021-04-04,2021,2:00p,Brooklyn Nets,107,Chicago Bulls,115,,0,2020/2021,Apr,4,4,2021-04-04,,0.0,,2021-04-04,
Sun,2021-04-04,2021,3:30p,Los Angeles Lakers,86,Los Angeles Clippers,104,,0,2020/2021,Apr,4,4,2021-04-04,,0.0,,2021-04-04,
Sun,2021-04-04,2021,6:00p,Charlotte Hornets,86,Boston Celtics,116,,0,2020/2021,Apr,4,4,2021-04-04,,0.0,,2021-04-04,
Sun,2021-04-04,2021,7:00p,Memphis Grizzlies,116,Philadelphia 76ers,100,,4094,2020/2021,Apr,4,4,2021-04-04,,0.0,,2021-04-04,
Sun,2021-04-04,2021,7:30p,Golden State Warriors,111,Atlanta Hawks,117,,2937,2020/2021,Apr,4,4,2021-04-04,,0.0,,2021-04-04,
Sun,2021-04-04,2021,8:00p,New Orleans Pelicans,122,Houston Rockets,115,,3268,2020/2021,Apr,4,4,2021-04-04,,0.0,,2021-04-04,
Sun,2021-04-04,2021,10:00p,Orlando Magic,109,Denver Nuggets,119,,3927,2020/2021,Apr,4,4,2021-04-04,,0.0,,2021-04-04,
Mon,2021-04-05,2021,7:00p,New York Knicks,112,Brooklyn Nets,114,,1773,2020/2021,Apr,5,4,2021-04-05,,0.0,,2021-04-05,
Mon,2021-04-05,2021,7:00p,Utah Jazz,103,Dallas Mavericks,111,,4261,2020/2021,Apr,5,4,2021-04-05,,0.0,,2021-04-05,
Mon,2021-04-05,2021,7:00p,Sacramento Kings,106,Minnesota Timberwolves,116,,1436,2020/2021,Apr,5,4,2021-04-05,,0.0,,2021-04-05,
Mon,2021-04-05,2021,7:00p,Detroit Pistons,132,Oklahoma City Thunder,108,,0,2020/2021,Apr,5,4,2021-04-05,,0.0,,2021-04-05,
Mon,2021-04-05,2021,7:00p,Cleveland Cavaliers,125,San Antonio Spurs,101,,2482,2020/2021,Apr,5,4,2021-04-05,,0.0,,2021-04-05,
Mon,2021-04-05,2021,7:00p,Washington Wizards,101,Toronto Raptors,103,,1620,2020/2021,Apr,5,4,2021-04-05,,0.0,,2021-04-05,
Mon,2021-04-05,2021,8:00p,Phoenix Suns,133,Houston Rockets,130,,3093,2020/2021,Apr,5,4,2021-04-05,,0.0,,2021-04-05,
Tue,2021-04-06,2021,7:00p,Chicago Bulls,113,Indiana Pacers,97,,0,2020/2021,Apr,6,4,2021-04-06,,0.0,,2021-04-06,
Tue,2021-04-06,2021,7:30p,New Orleans Pelicans,107,Atlanta Hawks,123,,2816,2020/2021,Apr,6,4,2021-04-06,,0.0,,2021-04-06,
Tue,2021-04-06,2021,7:30p,Philadelphia 76ers,106,Boston Celtics,96,,2298,2020/2021,Apr,6,4,2021-04-06,,0.0,,2021-04-06,
Tue,2021-04-06,2021,7:30p,Los Angeles Lakers,110,Toronto Raptors,101,,0,2020/2021,Apr,6,4,2021-04-06,,0.0,,2021-04-06,
Tue,2021-04-06,2021,8:00p,Memphis Grizzlies,124,Miami Heat,112,,0,2020/2021,Apr,6,4,2021-04-06,,0.0,,2021-04-06,
Tue,2021-04-06,2021,9:00p,Detroit Pistons,119,Denver Nuggets,134,,3556,2020/2021,Apr,6,4,2021-04-06,covid,1.0,64.0,2021-04-06,
Tue,2021-04-06,2021,10:00p,Milwaukee Bucks,121,Golden State Warriors,122,,0,2020/2021,Apr,6,4,2021-04-06,,0.0,,2021-04-06,
Tue,2021-04-06,2021,10:00p,Portland Trail Blazers,116,Los Angeles Clippers,133,,0,2020/2021,Apr,6,4,2021-04-06,,0.0,,2021-04-06,
Wed,2021-04-07,2021,7:00p,Minnesota Timberwolves,137,Indiana Pacers,141,,0,2020/2021,Apr,7,4,2021-04-07,,0.0,,2021-04-07,
Wed,2021-04-07,2021,7:00p,Washington Wizards,131,Orlando Magic,116,,3991,2020/2021,Apr,7,4,2021-04-07,,0.0,,2021-04-07,
Wed,2021-04-07,2021,7:30p,New York Knicks,99,Boston Celtics,101,,2298,2020/2021,Apr,7,4,2021-04-07,,0.0,,2021-04-07,
Wed,2021-04-07,2021,7:30p,New Orleans Pelicans,111,Brooklyn Nets,139,,1773,2020/2021,Apr,7,4,2021-04-07,,0.0,,2021-04-07,
Wed,2021-04-07,2021,8:00p,Memphis Grizzlies,131,Atlanta Hawks,113,,2774,2020/2021,Apr,7,4,2021-04-07,,0.0,,2021-04-07,
Wed,2021-04-07,2021,8:00p,Dallas Mavericks,93,Houston Rockets,102,,3399,2020/2021,Apr,7,4,2021-04-07,non-covid,1.0,47.0,2021-04-07,
Wed,2021-04-07,2021,8:00p,Charlotte Hornets,113,Oklahoma City Thunder,102,,0,2020/2021,Apr,7,4,2021-04-07,,0.0,,2021-04-07,
Wed,2021-04-07,2021,9:00p,San Antonio Spurs,96,Denver Nuggets,106,,3715,2020/2021,Apr,7,4,2021-04-07,,0.0,,2021-04-07,
Wed,2021-04-07,2021,10:00p,Utah Jazz,113,Phoenix Suns,117,OT,5110,2020/2021,Apr,7,4,2021-04-07,,0.0,,2021-04-07,
Thu,2021-04-08,2021,7:30p,Los Angeles Lakers,104,Miami Heat,110,,0,2020/2021,Apr,8,4,2021-04-08,,0.0,,2021-04-08,
Thu,2021-04-08,2021,7:30p,Chicago Bulls,122,Toronto Raptors,113,,0,2020/2021,Apr,8,4,2021-04-08,covid,1.0,39.0,2021-04-08,
Thu,2021-04-08,2021,8:00p,Cleveland Cavaliers,129,Oklahoma City Thunder,102,,0,2020/2021,Apr,8,4,2021-04-08,,0.0,,2021-04-08,
Thu,2021-04-08,2021,9:00p,Milwaukee Bucks,101,Dallas Mavericks,116,,4190,2020/2021,Apr,8,4,2021-04-08,,0.0,,2021-04-08,
Thu,2021-04-08,2021,10:00p,Phoenix Suns,103,Los Angeles Clippers,113,,0,2020/2021,Apr,8,4,2021-04-08,,0.0,,2021-04-08,
Thu,2021-04-08,2021,10:00p,Detroit Pistons,113,Sacramento Kings,101,,0,2020/2021,Apr,8,4,2021-04-08,,0.0,,2021-04-08,
Thu,2021-04-08,2021,10:00p,Portland Trail Blazers,103,Utah Jazz,122,,5546,2020/2021,Apr,8,4,2021-04-08,,0.0,,2021-04-08,
Fri,2021-04-09,2021,7:00p,Indiana Pacers,111,Orlando Magic,106,,3777,2020/2021,Apr,9,4,2021-04-09,,0.0,,2021-04-09,
Fri,2021-04-09,2021,7:30p,Minnesota Timberwolves,136,Boston Celtics,145,OT,2298,2020/2021,Apr,9,4,2021-04-09,,0.0,,2021-04-09,
Fri,2021-04-09,2021,7:30p,Memphis Grizzlies,129,New York Knicks,133,OT,1912,2020/2021,Apr,9,4,2021-04-09,,0.0,,2021-04-09,
Fri,2021-04-09,2021,8:00p,Chicago Bulls,108,Atlanta Hawks,120,,996,2020/2021,Apr,9,4,2021-04-09,,0.0,,2021-04-09,
Fri,2021-04-09,2021,8:00p,Philadelphia 76ers,94,New Orleans Pelicans,101,,3700,2020/2021,Apr,9,4,2021-04-09,,0.0,,2021-04-09,
Fri,2021-04-09,2021,9:00p,San Antonio Spurs,119,Denver Nuggets,121,,3750,2020/2021,Apr,9,4,2021-04-09,,0.0,,2021-04-09,
Fri,2021-04-09,2021,9:00p,Charlotte Hornets,127,Milwaukee Bucks,119,,3280,2020/2021,Apr,9,4,2021-04-09,,0.0,,2021-04-09,
Fri,2021-04-09,2021,10:00p,Washington Wizards,110,Golden State Warriors,107,,0,2020/2021,Apr,9,4,2021-04-09,,0.0,,2021-04-09,
Fri,2021-04-09,2021,10:00p,Houston Rockets,109,Los Angeles Clippers,126,,0,2020/2021,Apr,9,4,2021-04-09,,0.0,,2021-04-09,
Sat,2021-04-10,2021,7:30p,Toronto Raptors,135,Cleveland Cavaliers,115,,4148,2020/2021,Apr,10,4,2021-04-10,,0.0,,2021-04-10,
Sat,2021-04-10,2021,8:30p,Los Angeles Lakers,126,Brooklyn Nets,101,,1773,2020/2021,Apr,10,4,2021-04-10,,0.0,,2021-04-10,
Sat,2021-04-10,2021,9:00p,Philadelphia 76ers,117,Oklahoma City Thunder,93,,0,2020/2021,Apr,10,4,2021-05-19,covid,1.0,83.0,2021-04-10,
Sat,2021-04-10,2021,9:00p,Sacramento Kings,112,Utah Jazz,128,,5546,2020/2021,Apr,10,4,2021-04-10,,0.0,,2021-04-10,
Sat,2021-04-10,2021,10:00p,Houston Rockets,109,Golden State Warriors,125,,0,2020/2021,Apr,10,4,2021-04-10,,0.0,,2021-04-10,
Sat,2021-04-10,2021,10:00p,Washington Wizards,106,Phoenix Suns,134,,5028,2020/2021,Apr,10,4,2021-04-10,,0.0,,2021-04-10,
Sat,2021-04-10,2021,10:00p,Detroit Pistons,103,Portland Trail Blazers,118,,0,2020/2021,Apr,10,4,2021-04-10,,0.0,,2021-04-10,
Sun,2021-04-11,2021,1:00p,Atlanta Hawks,105,Charlotte Hornets,101,,4148,2020/2021,Apr,11,4,2021-04-11,,0.0,,2021-04-11,
Sun,2021-04-11,2021,3:00p,Boston Celtics,105,Denver Nuggets,87,,4032,2020/2021,Apr,11,4,2021-04-11,,0.0,,2021-04-11,
Sun,2021-04-11,2021,7:00p,New Orleans Pelicans,116,Cleveland Cavaliers,109,,4148,2020/2021,Apr,11,4,2021-04-11,,0.0,,2021-04-11,
Sun,2021-04-11,2021,7:00p,Milwaukee Bucks,124,Orlando Magic,87,,3316,2020/2021,Apr,11,4,2021-04-11,,0.0,,2021-04-11,
Sun,2021-04-11,2021,8:00p,San Antonio Spurs,119,Dallas Mavericks,117,,4054,2020/2021,Apr,11,4,2021-04-11,,0.0,,2021-04-11,
Sun,2021-04-11,2021,8:00p,Indiana Pacers,132,Memphis Grizzlies,125,,2341,2020/2021,Apr,11,4,2021-04-11,,0.0,,2021-04-11,
Sun,2021-04-11,2021,8:00p,Chicago Bulls,117,Minnesota Timberwolves,121,,1436,2020/2021,Apr,11,4,2021-04-11,,0.0,,2021-04-11,
Sun,2021-04-11,2021,8:00p,Toronto Raptors,96,New York Knicks,102,,1833,2020/2021,Apr,11,4,2021-04-11,,0.0,,2021-04-11,
Sun,2021-04-11,2021,10:00p,Detroit Pistons,124,Los Angeles Clippers,131,,0,2020/2021,Apr,11,4,2021-04-11,,0.0,,2021-04-11,
Sun,2021-04-11,2021,10:00p,Miami Heat,107,Portland Trail Blazers,98,,0,2020/2021,Apr,11,4,2021-04-11,,0.0,,2021-04-11,
Mon,2021-04-12,2021,7:30p,Philadelphia 76ers,113,Dallas Mavericks,95,,4016,2020/2021,Apr,12,4,2021-04-12,,0.0,,2021-04-12,
Mon,2021-04-12,2021,7:30p,Los Angeles Lakers,96,New York Knicks,111,,1981,2020/2021,Apr,12,4,2021-04-12,,0.0,,2021-04-12,
Mon,2021-04-12,2021,8:00p,San Antonio Spurs,120,Orlando Magic,97,,3107,2020/2021,Apr,12,4,2021-04-12,,0.0,,2021-04-12,
Mon,2021-04-12,2021,9:00p,Chicago Bulls,90,Memphis Grizzlies,101,,2194,2020/2021,Apr,12,4,2021-05-18,covid,1.0,75.0,2021-04-12,
Mon,2021-04-12,2021,9:00p,Sacramento Kings,110,New Orleans Pelicans,117,,3700,2020/2021,Apr,12,4,2021-04-12,,0.0,,2021-04-12,
Mon,2021-04-12,2021,9:00p,Washington Wizards,125,Utah Jazz,121,,5546,2020/2021,Apr,12,4,2021-04-12,,0.0,,2021-04-12,
Mon,2021-04-12,2021,10:00p,Denver Nuggets,107,Golden State Warriors,116,,0,2020/2021,Apr,12,4,2021-04-12,,0.0,,2021-04-12,
Mon,2021-04-12,2021,10:00p,Houston Rockets,120,Phoenix Suns,126,,4145,2020/2021,Apr,12,4,2021-04-12,,0.0,,2021-04-12,
Tue,2021-04-13,2021,4:00p,Brooklyn Nets,127,Minnesota Timberwolves,97,,0,2020/2021,Apr,13,4,2021-05-18,non-covid,1.0,1.0,2021-04-13,
Tue,2021-04-13,2021,7:30p,Los Angeles Clippers,126,Indiana Pacers,115,,0,2020/2021,Apr,13,4,2021-04-13,,0.0,,2021-04-13,
Tue,2021-04-13,2021,7:30p,Atlanta Hawks,108,Toronto Raptors,103,,1427,2020/2021,Apr,13,4,2021-04-13,,0.0,,2021-04-13,
Tue,2021-04-13,2021,8:00p,Los Angeles Lakers,101,Charlotte Hornets,93,,3676,2020/2021,Apr,13,4,2021-04-13,,0.0,,2021-04-13,
Tue,2021-04-13,2021,9:00p,Oklahoma City Thunder,96,Utah Jazz,106,,5546,2020/2021,Apr,13,4,2021-04-13,,0.0,,2021-04-13,
Tue,2021-04-13,2021,10:00p,Miami Heat,86,Phoenix Suns,106,,5024,2020/2021,Apr,13,4,2021-04-13,,0.0,,2021-04-13,
Tue,2021-04-13,2021,10:00p,Boston Celtics,116,Portland Trail Blazers,115,,0,2020/2021,Apr,13,4,2021-04-13,,0.0,,2021-04-13,
Wed,2021-04-14,2021,4:30p,Milwaukee Bucks,130,Minnesota Timberwolves,105,,0,2020/2021,Apr,14,4,2021-04-14,,0.0,,2021-04-14,
Wed,2021-04-14,2021,7:00p,Cleveland Cavaliers,103,Charlotte Hornets,90,,2955,2020/2021,Apr,14,4,2021-04-14,,0.0,,2021-04-14,
Wed,2021-04-14,2021,7:00p,Brooklyn Nets,117,Philadelphia 76ers,123,,4094,2020/2021,Apr,14,4,2021-04-14,,0.0,,2021-04-14,
Wed,2021-04-14,2021,7:30p,San Antonio Spurs,112,Toronto Raptors,117,,1184,2020/2021,Apr,14,4,2021-04-14,,0.0,,2021-04-14,
Wed,2021-04-14,2021,8:00p,Orlando Magic,115,Chicago Bulls,106,,0,2020/2021,Apr,14,4,2021-04-14,,0.0,,2021-04-14,
Wed,2021-04-14,2021,8:00p,Los Angeles Clippers,100,Detroit Pistons,98,,750,2020/2021,Apr,14,4,2021-04-14,,0.0,,2021-04-14,
Wed,2021-04-14,2021,8:00p,New York Knicks,116,New Orleans Pelicans,106,,3700,2020/2021,Apr,14,4,2021-04-14,,0.0,,2021-04-14,
Wed,2021-04-14,2021,9:00p,Indiana Pacers,132,Houston Rockets,124,,3293,2020/2021,Apr,14,4,2021-04-14,non-covid,1.0,53.0,2021-04-14,
Wed,2021-04-14,2021,9:00p,Golden State Warriors,147,Oklahoma City Thunder,109,,0,2020/2021,Apr,14,4,2021-04-14,,0.0,,2021-04-14,
Wed,2021-04-14,2021,9:30p,Dallas Mavericks,114,Memphis Grizzlies,113,,2141,2020/2021,Apr,14,4,2021-04-14,,0.0,,2021-04-14,
Wed,2021-04-14,2021,10:00p,Miami Heat,106,Denver Nuggets,123,,4017,2020/2021,Apr,14,4,2021-04-14,,0.0,,2021-04-14,
Wed,2021-04-14,2021,10:00p,Washington Wizards,123,Sacramento Kings,111,,0,2020/2021,Apr,14,4,2021-04-14,,0.0,,2021-04-14,
Thu,2021-04-15,2021,7:30p,Milwaukee Bucks,120,Atlanta Hawks,109,,0,2020/2021,Apr,15,4,2021-04-15,,0.0,,2021-04-15,
Thu,2021-04-15,2021,8:00p,Golden State Warriors,119,Cleveland Cavaliers,101,,4148,2020/2021,Apr,15,4,2021-04-15,,0.0,,2021-04-15,
Thu,2021-04-15,2021,10:00p,Boston Celtics,121,Los Angeles Lakers,113,,1915,2020/2021,Apr,15,4,2021-04-15,,0.0,,2021-04-15,
Thu,2021-04-15,2021,10:00p,Sacramento Kings,114,Phoenix Suns,122,,4568,2020/2021,Apr,15,4,2021-04-15,,0.0,,2021-04-15,
Fri,2021-04-16,2021,3:00p,Indiana Pacers,111,Utah Jazz,119,,5546,2020/2021,Apr,16,4,2021-04-16,,0.0,,2021-04-16,
Fri,2021-04-16,2021,7:00p,Oklahoma City Thunder,104,Detroit Pistons,110,,750,2020/2021,Apr,16,4,2021-04-16,,0.0,,2021-04-16,
Fri,2021-04-16,2021,7:00p,Los Angeles Clippers,103,Philadelphia 76ers,106,,4094,2020/2021,Apr,16,4,2021-04-16,,0.0,,2021-04-16,
Fri,2021-04-16,2021,7:00p,New Orleans Pelicans,115,Washington Wizards,117,OT,0,2020/2021,Apr,16,4,2021-04-16,,0.0,,2021-04-16,
Fri,2021-04-16,2021,7:30p,Charlotte Hornets,115,Brooklyn Nets,130,,1773,2020/2021,Apr,16,4,2021-04-16,,0.0,,2021-04-16,
Fri,2021-04-16,2021,7:30p,Orlando Magic,102,Toronto Raptors,113,,0,2020/2021,Apr,16,4,2021-04-16,,0.0,,2021-04-16,
Fri,2021-04-16,2021,8:00p,Memphis Grizzlies,126,Chicago Bulls,115,,0,2020/2021,Apr,16,4,2021-04-16,,0.0,,2021-04-16,
Fri,2021-04-16,2021,8:00p,Denver Nuggets,128,Houston Rockets,99,,3342,2020/2021,Apr,16,4,2021-04-16,,0.0,,2021-04-16,
Fri,2021-04-16,2021,8:00p,Miami Heat,111,Minnesota Timberwolves,119,,1638,2020/2021,Apr,16,4,2021-04-16,,0.0,,2021-04-16,
Fri,2021-04-16,2021,8:30p,Portland Trail Blazers,107,San Antonio Spurs,106,,4303,2020/2021,Apr,16,4,2021-04-16,,0.0,,2021-04-16,
Fri,2021-04-16,2021,9:30p,New York Knicks,117,Dallas Mavericks,109,,4246,2020/2021,Apr,16,4,2021-04-16,,0.0,,2021-04-16,
Sat,2021-04-17,2021,4:30p,Utah Jazz,115,Los Angeles Lakers,127,OT,1710,2020/2021,Apr,17,4,2021-04-17,,0.0,,2021-04-17,
Sat,2021-04-17,2021,8:00p,Cleveland Cavaliers,96,Chicago Bulls,106,,0,2020/2021,Apr,17,4,2021-04-17,,0.0,,2021-04-17,
Sat,2021-04-17,2021,8:00p,Detroit Pistons,100,Washington Wizards,121,,0,2020/2021,Apr,17,4,2021-04-17,,0.0,,2021-04-17,
Sat,2021-04-17,2021,8:30p,Golden State Warriors,114,Boston Celtics,119,,2298,2020/2021,Apr,17,4,2021-04-17,,0.0,,2021-04-17,
Sat,2021-04-17,2021,9:00p,Memphis Grizzlies,128,Milwaukee Bucks,115,,3280,2020/2021,Apr,17,4,2021-04-17,,0.0,,2021-04-17,
Sat,2021-04-17,2021,10:00p,San Antonio Spurs,111,Phoenix Suns,85,,5078,2020/2021,Apr,17,4,2021-04-17,,0.0,,2021-04-17,
Sun,2021-04-18,2021,1:00p,Indiana Pacers,117,Atlanta Hawks,129,,0,2020/2021,Apr,18,4,2021-04-18,,0.0,,2021-04-18,
Sun,2021-04-18,2021,1:00p,New Orleans Pelicans,112,New York Knicks,122,OT,1981,2020/2021,Apr,18,4,2021-04-18,,0.0,,2021-04-18,
Sun,2021-04-18,2021,3:30p,Brooklyn Nets,107,Miami Heat,109,,0,2020/2021,Apr,18,4,2021-04-18,,0.0,,2021-04-18,
Sun,2021-04-18,2021,7:00p,Portland Trail Blazers,101,Charlotte Hornets,109,,3880,2020/2021,Apr,18,4,2021-04-18,,0.0,,2021-04-18,
Sun,2021-04-18,2021,7:00p,Houston Rockets,114,Orlando Magic,110,,3772,2020/2021,Apr,18,4,2021-04-18,,0.0,,2021-04-18,
Sun,2021-04-18,2021,7:00p,Oklahoma City Thunder,106,Toronto Raptors,112,,0,2020/2021,Apr,18,4,2021-04-18,,0.0,,2021-04-18,
Sun,2021-04-18,2021,7:30p,Sacramento Kings,121,Dallas Mavericks,107,,4193,2020/2021,Apr,18,4,2021-04-18,,0.0,,2021-04-18,
Sun,2021-04-18,2021,10:00p,Minnesota Timberwolves,105,Los Angeles Clippers,124,,1734,2020/2021,Apr,18,4,2021-04-18,,0.0,,2021-04-18,
Mon,2021-04-19,2021,7:00p,Cleveland Cavaliers,105,Detroit Pistons,109,,750,2020/2021,Apr,19,4,2021-04-19,,0.0,,2021-04-19,
Mon,2021-04-19,2021,7:30p,Chicago Bulls,102,Boston Celtics,96,,0,2020/2021,Apr,19,4,2021-04-19,,0.0,,2021-04-19,
Mon,2021-04-19,2021,7:30p,Golden State Warriors,107,Philadelphia 76ers,96,,4094,2020/2021,Apr,19,4,2021-04-19,,0.0,,2021-04-19,
Mon,2021-04-19,2021,8:00p,San Antonio Spurs,109,Indiana Pacers,94,,0,2020/2021,Apr,19,4,2021-04-19,covid,1.0,56.0,2021-04-19,
Mon,2021-04-19,2021,8:00p,Houston Rockets,91,Miami Heat,113,,0,2020/2021,Apr,19,4,2021-04-19,,0.0,,2021-04-19,
Mon,2021-04-19,2021,8:00p,Phoenix Suns,128,Milwaukee Bucks,127,OT,3280,2020/2021,Apr,19,4,2021-04-19,,0.0,,2021-04-19,
Mon,2021-04-19,2021,8:00p,Oklahoma City Thunder,107,Washington Wizards,119,,0,2020/2021,Apr,19,4,2021-04-19,,0.0,,2021-04-19,
Mon,2021-04-19,2021,9:00p,Memphis Grizzlies,137,Denver Nuggets,139,2OT,4005,2020/2021,Apr,19,4,2021-04-19,,0.0,,2021-04-19,
Mon,2021-04-19,2021,10:00p,Utah Jazz,111,Los Angeles Lakers,97,,1709,2020/2021,Apr,19,4,2021-04-19,,0.0,,2021-04-19,
Tue,2021-04-20,2021,7:30p,Orlando Magic,96,Atlanta Hawks,112,,2219,2020/2021,Apr,20,4,2021-04-20,,0.0,,2021-04-20,
Tue,2021-04-20,2021,7:30p,Brooklyn Nets,134,New Orleans Pelicans,129,,3700,2020/2021,Apr,20,4,2021-04-20,,0.0,,2021-04-20,
Tue,2021-04-20,2021,7:30p,Charlotte Hornets,97,New York Knicks,109,,1753,2020/2021,Apr,20,4,2021-04-20,,0.0,,2021-04-20,
Tue,2021-04-20,2021,10:00p,Los Angeles Clippers,113,Portland Trail Blazers,112,,0,2020/2021,Apr,20,4,2021-04-20,,0.0,,2021-04-20,
Tue,2021-04-20,2021,10:00p,Minnesota Timberwolves,134,Sacramento Kings,120,,0,2020/2021,Apr,20,4,2021-04-20,,0.0,,2021-04-20,
Wed,2021-04-21,2021,7:00p,Chicago Bulls,105,Cleveland Cavaliers,121,,0,2020/2021,Apr,21,4,2021-04-21,,0.0,,2021-04-21,
Wed,2021-04-21,2021,7:00p,Oklahoma City Thunder,116,Indiana Pacers,122,,0,2020/2021,Apr,21,4,2021-04-21,,0.0,,2021-04-21,
Wed,2021-04-21,2021,7:00p,Phoenix Suns,116,Philadelphia 76ers,113,,4094,2020/2021,Apr,21,4,2021-04-21,,0.0,,2021-04-21,
Wed,2021-04-21,2021,7:00p,Brooklyn Nets,103,Toronto Raptors,114,,0,2020/2021,Apr,21,4,2021-04-21,,0.0,,2021-04-21,
Wed,2021-04-21,2021,7:00p,Golden State Warriors,114,Washington Wizards,118,,2133,2020/2021,Apr,21,4,2021-04-21,,0.0,,2021-04-21,
Wed,2021-04-21,2021,8:00p,Utah Jazz,112,Houston Rockets,89,,3253,2020/2021,Apr,21,4,2021-04-21,,0.0,,2021-04-21,
Wed,2021-04-21,2021,8:00p,Atlanta Hawks,127,New York Knicks,137,OT,1981,2020/2021,Apr,21,4,2021-04-21,,0.0,,2021-04-21,
Wed,2021-04-21,2021,8:30p,Detroit Pistons,117,Dallas Mavericks,127,,4043,2020/2021,Apr,21,4,2021-05-12,non-covid,1.0,63.0,2021-04-21,
Wed,2021-04-21,2021,8:30p,Miami Heat,107,San Antonio Spurs,87,,4229,2020/2021,Apr,21,4,2021-04-21,,0.0,,2021-04-21,
Wed,2021-04-21,2021,10:00p,Memphis Grizzlies,105,Los Angeles Clippers,117,,1782,2020/2021,Apr,21,4,2021-04-21,,0.0,,2021-04-21,
Wed,2021-04-21,2021,10:00p,Denver Nuggets,106,Portland Trail Blazers,105,,0,2020/2021,Apr,21,4,2021-04-21,,0.0,,2021-04-21,
Wed,2021-04-21,2021,10:00p,Minnesota Timberwolves,125,Sacramento Kings,128,,0,2020/2021,Apr,21,4,2021-04-21,,0.0,,2021-04-21,
Thu,2021-04-22,2021,7:00p,Phoenix Suns,86,Boston Celtics,99,,2298,2020/2021,Apr,22,4,2021-04-22,,0.0,,2021-04-22,
Thu,2021-04-22,2021,7:00p,Philadelphia 76ers,117,Milwaukee Bucks,124,,3280,2020/2021,Apr,22,4,2021-04-22,,0.0,,2021-04-22,
Thu,2021-04-22,2021,7:00p,New Orleans Pelicans,135,Orlando Magic,100,,3411,2020/2021,Apr,22,4,2021-04-22,,0.0,,2021-04-22,
Thu,2021-04-22,2021,8:30p,Detroit Pistons,91,San Antonio Spurs,106,,3334,2020/2021,Apr,22,4,2021-04-22,,0.0,,2021-04-22,
Thu,2021-04-22,2021,9:00p,Charlotte Hornets,91,Chicago Bulls,108,,0,2020/2021,Apr,22,4,2021-04-22,,0.0,,2021-04-22,
Thu,2021-04-22,2021,9:30p,Los Angeles Lakers,110,Dallas Mavericks,115,,4443,2020/2021,Apr,22,4,2021-04-22,,0.0,,2021-04-22,
Fri,2021-04-23,2021,7:30p,Miami Heat,103,Atlanta Hawks,118,,2985,2020/2021,Apr,23,4,2021-04-23,,0.0,,2021-04-23,
Fri,2021-04-23,2021,7:30p,Boston Celtics,104,Brooklyn Nets,109,,1773,2020/2021,Apr,23,4,2021-04-23,,0.0,,2021-04-23,
Fri,2021-04-23,2021,8:00p,Cleveland Cavaliers,102,Charlotte Hornets,108,,4060,2020/2021,Apr,23,4,2021-04-23,,0.0,,2021-04-23,
Fri,2021-04-23,2021,8:00p,Los Angeles Clippers,109,Houston Rockets,104,,3313,2020/2021,Apr,23,4,2021-04-23,,0.0,,2021-04-23,
Fri,2021-04-23,2021,8:00p,Washington Wizards,129,Oklahoma City Thunder,109,,0,2020/2021,Apr,23,4,2021-04-23,,0.0,,2021-04-23,
Fri,2021-04-23,2021,10:00p,Denver Nuggets,97,Golden State Warriors,118,,1935,2020/2021,Apr,23,4,2021-04-23,,0.0,,2021-04-23,
Fri,2021-04-23,2021,10:00p,Memphis Grizzlies,130,Portland Trail Blazers,128,,0,2020/2021,Apr,23,4,2021-05-22,covid,1.0,93.0,2021-04-23,
Sat,2021-04-24,2021,1:00p,Toronto Raptors,103,New York Knicks,120,,1981,2020/2021,Apr,24,4,2021-04-24,,0.0,,2021-04-24,
Sat,2021-04-24,2021,3:30p,Philadelphia 76ers,94,Milwaukee Bucks,132,,3280,2020/2021,Apr,24,4,2021-04-24,,0.0,,2021-04-24,
Sat,2021-04-24,2021,7:00p,Detroit Pistons,109,Indiana Pacers,115,,0,2020/2021,Apr,24,4,2021-04-24,,0.0,,2021-04-24,
Sat,2021-04-24,2021,8:00p,Chicago Bulls,101,Miami Heat,106,,0,2020/2021,Apr,24,4,2021-04-24,,0.0,,2021-04-24,
Sat,2021-04-24,2021,8:00p,San Antonio Spurs,110,New Orleans Pelicans,108,,3700,2020/2021,Apr,24,4,2021-05-18,covid,1.0,89.0,2021-04-24,
Sat,2021-04-24,2021,8:30p,Los Angeles Lakers,93,Dallas Mavericks,108,,4561,2020/2021,Apr,24,4,2021-04-24,,0.0,,2021-04-24,
Sat,2021-04-24,2021,9:00p,Minnesota Timberwolves,101,Utah Jazz,96,,0,2020/2021,Apr,24,4,2021-04-24,,0.0,,2021-04-24,
Sat,2021-04-24,2021,10:00p,Houston Rockets,116,Denver Nuggets,129,,4035,2020/2021,Apr,24,4,2021-04-24,,0.0,,2021-04-24,
Sun,2021-04-25,2021,1:00p,Boston Celtics,104,Charlotte Hornets,125,,4493,2020/2021,Apr,25,4,2021-04-25,,0.0,,2021-04-25,
Sun,2021-04-25,2021,3:30p,Phoenix Suns,119,Brooklyn Nets,128,,1773,2020/2021,Apr,25,4,2021-04-25,,0.0,,2021-04-25,
Sun,2021-04-25,2021,4:00p,Memphis Grizzlies,120,Portland Trail Blazers,113,,0,2020/2021,Apr,25,4,2021-05-21,covid,1.0,93.0,2021-04-25,
Sun,2021-04-25,2021,7:00p,Cleveland Cavaliers,110,Washington Wizards,119,,2133,2020/2021,Apr,25,4,2021-05-13,covid,1.0,98.0,2021-04-25,
Sun,2021-04-25,2021,7:30p,Milwaukee Bucks,104,Atlanta Hawks,111,,3010,2020/2021,Apr,25,4,2021-04-25,,0.0,,2021-04-25,
Sun,2021-04-25,2021,8:00p,Indiana Pacers,131,Orlando Magic,112,,3519,2020/2021,Apr,25,4,2021-04-25,,0.0,,2021-04-25,
Sun,2021-04-25,2021,10:00p,Sacramento Kings,113,Golden State Warriors,117,,3252,2020/2021,Apr,25,4,2021-04-25,,0.0,,2021-04-25,
Mon,2021-04-26,2021,7:00p,Atlanta Hawks,86,Detroit Pistons,100,,750,2020/2021,Apr,26,4,2021-04-26,,0.0,,2021-04-26,
Mon,2021-04-26,2021,7:00p,Los Angeles Lakers,114,Orlando Magic,103,,4099,2020/2021,Apr,26,4,2021-04-26,,0.0,,2021-04-26,
Mon,2021-04-26,2021,7:00p,Oklahoma City Thunder,90,Philadelphia 76ers,121,,4094,2020/2021,Apr,26,4,2021-04-26,,0.0,,2021-04-26,
Mon,2021-04-26,2021,7:00p,San Antonio Spurs,146,Washington Wizards,143,OT,2133,2020/2021,Apr,26,4,2021-04-26,,0.0,,2021-04-26,
Mon,2021-04-26,2021,7:30p,Phoenix Suns,118,New York Knicks,110,,1981,2020/2021,Apr,26,4,2021-04-26,,0.0,,2021-04-26,
Mon,2021-04-26,2021,7:30p,Cleveland Cavaliers,96,Toronto Raptors,112,,1626,2020/2021,Apr,26,4,2021-04-26,,0.0,,2021-04-26,
Mon,2021-04-26,2021,8:00p,Chicago Bulls,110,Miami Heat,102,,0,2020/2021,Apr,26,4,2021-04-26,,0.0,,2021-04-26,
Mon,2021-04-26,2021,8:00p,Utah Jazz,104,Minnesota Timberwolves,105,,1638,2020/2021,Apr,26,4,2021-04-26,,0.0,,2021-04-26,
Mon,2021-04-26,2021,8:00p,Los Angeles Clippers,103,New Orleans Pelicans,120,,3700,2020/2021,Apr,26,4,2021-04-26,,0.0,,2021-04-26,
Mon,2021-04-26,2021,9:00p,Memphis Grizzlies,96,Denver Nuggets,120,,3823,2020/2021,Apr,26,4,2021-04-26,,0.0,,2021-04-26,
Mon,2021-04-26,2021,10:00p,Dallas Mavericks,106,Sacramento Kings,113,,0,2020/2021,Apr,26,4,2021-04-26,,0.0,,2021-04-26,
Tue,2021-04-27,2021,7:00p,Oklahoma City Thunder,119,Boston Celtics,115,,2298,2020/2021,Apr,27,4,2021-04-27,,0.0,,2021-04-27,
Tue,2021-04-27,2021,7:00p,Milwaukee Bucks,114,Charlotte Hornets,104,,3240,2020/2021,Apr,27,4,2021-04-27,,0.0,,2021-04-27,
Tue,2021-04-27,2021,7:00p,Portland Trail Blazers,133,Indiana Pacers,112,,0,2020/2021,Apr,27,4,2021-04-27,,0.0,,2021-04-27,
Tue,2021-04-27,2021,7:30p,Brooklyn Nets,116,Toronto Raptors,103,,0,2020/2021,Apr,27,4,2021-04-27,,0.0,,2021-04-27,
Tue,2021-04-27,2021,9:00p,Minnesota Timberwolves,114,Houston Rockets,107,,3225,2020/2021,Apr,27,4,2021-04-27,,0.0,,2021-04-27,
Tue,2021-04-27,2021,9:30p,Dallas Mavericks,133,Golden State Warriors,103,,3613,2020/2021,Apr,27,4,2021-04-27,,0.0,,2021-04-27,
Wed,2021-04-28,2021,7:00p,Orlando Magic,109,Cleveland Cavaliers,104,,4148,2020/2021,Apr,28,4,2021-04-28,,0.0,,2021-04-28,
Wed,2021-04-28,2021,7:00p,Atlanta Hawks,83,Philadelphia 76ers,127,,4094,2020/2021,Apr,28,4,2021-04-28,,0.0,,2021-04-28,
Wed,2021-04-28,2021,7:30p,Charlotte Hornets,111,Boston Celtics,120,,2298,2020/2021,Apr,28,4,2021-04-28,,0.0,,2021-04-28,
Wed,2021-04-28,2021,7:30p,Chicago Bulls,94,New York Knicks,113,,1981,2020/2021,Apr,28,4,2021-04-28,,0.0,,2021-04-28,
Wed,2021-04-28,2021,7:30p,Los Angeles Lakers,107,Washington Wizards,116,,2133,2020/2021,Apr,28,4,2021-04-28,,0.0,,2021-04-28,
Wed,2021-04-28,2021,8:00p,San Antonio Spurs,111,Miami Heat,116,,0,2020/2021,Apr,28,4,2021-04-28,,0.0,,2021-04-28,
Wed,2021-04-28,2021,9:00p,New Orleans Pelicans,112,Denver Nuggets,114,,4022,2020/2021,Apr,28,4,2021-04-28,,0.0,,2021-04-28,
Wed,2021-04-28,2021,9:00p,Portland Trail Blazers,130,Memphis Grizzlies,109,,3427,2020/2021,Apr,28,4,2021-04-28,,0.0,,2021-04-28,
Wed,2021-04-28,2021,10:00p,Los Angeles Clippers,101,Phoenix Suns,109,,5917,2020/2021,Apr,28,4,2021-04-28,,0.0,,2021-04-28,
Wed,2021-04-28,2021,10:00p,Utah Jazz,154,Sacramento Kings,105,,0,2020/2021,Apr,28,4,2021-04-28,,0.0,,2021-04-28,
Thu,2021-04-29,2021,7:00p,Dallas Mavericks,115,Detroit Pistons,105,,750,2020/2021,Apr,29,4,2021-04-29,,0.0,,2021-04-29,
Thu,2021-04-29,2021,7:00p,Brooklyn Nets,130,Indiana Pacers,113,,0,2020/2021,Apr,29,4,2021-04-29,,0.0,,2021-04-29,
Thu,2021-04-29,2021,8:00p,Milwaukee Bucks,136,Houston Rockets,143,,3232,2020/2021,Apr,29,4,2021-04-29,,0.0,,2021-04-29,
Thu,2021-04-29,2021,8:00p,Golden State Warriors,114,Minnesota Timberwolves,126,,1638,2020/2021,Apr,29,4,2021-04-29,,0.0,,2021-04-29,
Thu,2021-04-29,2021,9:00p,Toronto Raptors,111,Denver Nuggets,121,,4025,2020/2021,Apr,29,4,2021-04-29,,0.0,,2021-04-29,
Thu,2021-04-29,2021,9:00p,New Orleans Pelicans,109,Oklahoma City Thunder,95,,0,2020/2021,Apr,29,4,2021-04-29,,0.0,,2021-04-29,
Fri,2021-04-30,2021,7:00p,Atlanta Hawks,104,Philadelphia 76ers,126,,4094,2020/2021,Apr,30,4,2021-04-30,,0.0,,2021-04-30,
Fri,2021-04-30,2021,7:30p,San Antonio Spurs,140,Boston Celtics,143,OT,2298,2020/2021,Apr,30,4,2021-04-30,,0.0,,2021-04-30,
Fri,2021-04-30,2021,7:30p,Washington Wizards,122,Cleveland Cavaliers,93,,4148,2020/2021,Apr,30,4,2021-04-30,,0.0,,2021-04-30,
Fri,2021-04-30,2021,8:00p,Portland Trail Blazers,128,Brooklyn Nets,109,,1773,2020/2021,Apr,30,4,2021-04-30,,0.0,,2021-04-30,
Fri,2021-04-30,2021,8:00p,Orlando Magic,75,Memphis Grizzlies,92,,2850,2020/2021,Apr,30,4,2021-04-30,,0.0,,2021-04-30,
Fri,2021-04-30,2021,9:00p,Milwaukee Bucks,108,Chicago Bulls,98,,0,2020/2021,Apr,30,4,2021-04-30,,0.0,,2021-04-30,
Fri,2021-04-30,2021,10:00p,Utah Jazz,100,Phoenix Suns,121,,6065,2020/2021,Apr,30,4,2021-04-30,,0.0,,2021-04-30,
Fri,2021-04-30,2021,10:30p,Sacramento Kings,110,Los Angeles Lakers,106,,2691,2020/2021,Apr,30,4,2021-04-30,,0.0,,2021-04-30,
Sat,2021-05-01,2021,7:00p,Detroit Pistons,94,Charlotte Hornets,107,,3766,2020/2021,May,1,5,2021-05-01,,0.0,,2021-05-01,
Sat,2021-05-01,2021,7:30p,Golden State Warriors,113,Houston Rockets,87,,3702,2020/2021,May,1,5,2021-05-01,,0.0,,2021-05-01,
Sat,2021-05-01,2021,8:00p,Chicago Bulls,97,Atlanta Hawks,108,,3053,2020/2021,May,1,5,2021-05-01,,0.0,,2021-05-01,
Sat,2021-05-01,2021,8:00p,Miami Heat,124,Cleveland Cavaliers,107,,4148,2020/2021,May,1,5,2021-05-01,,0.0,,2021-05-01,
Sat,2021-05-01,2021,8:00p,New Orleans Pelicans,140,Minnesota Timberwolves,136,OT,1638,2020/2021,May,1,5,2021-05-01,,0.0,,2021-05-01,
Sat,2021-05-01,2021,8:00p,Indiana Pacers,152,Oklahoma City Thunder,95,,0,2020/2021,May,1,5,2021-05-01,,0.0,,2021-05-01,
Sat,2021-05-01,2021,8:00p,Memphis Grizzlies,111,Orlando Magic,112,,3924,2020/2021,May,1,5,2021-05-01,,0.0,,2021-05-01,
Sat,2021-05-01,2021,9:00p,Washington Wizards,124,Dallas Mavericks,125,,4351,2020/2021,May,1,5,2021-05-01,,0.0,,2021-05-01,
Sat,2021-05-01,2021,10:00p,Denver Nuggets,110,Los Angeles Clippers,104,,2818,2020/2021,May,1,5,2021-05-01,,0.0,,2021-05-01,
Sat,2021-05-01,2021,10:00p,Toronto Raptors,102,Utah Jazz,106,,6506,2020/2021,May,1,5,2021-05-01,,0.0,,2021-05-01,
Sun,2021-05-02,2021,3:30p,Brooklyn Nets,114,Milwaukee Bucks,117,,3280,2020/2021,May,2,5,2021-05-02,,0.0,,2021-05-02,
Sun,2021-05-02,2021,7:30p,Portland Trail Blazers,129,Boston Celtics,119,,0,2020/2021,May,2,5,2021-05-02,,0.0,,2021-05-02,
Sun,2021-05-02,2021,8:00p,Miami Heat,121,Charlotte Hornets,111,,4095,2020/2021,May,2,5,2021-05-02,,0.0,,2021-05-02,
Sun,2021-05-02,2021,8:00p,Sacramento Kings,111,Dallas Mavericks,99,,4268,2020/2021,May,2,5,2021-05-02,,0.0,,2021-05-02,
Sun,2021-05-02,2021,8:00p,New York Knicks,122,Houston Rockets,97,,3431,2020/2021,May,2,5,2021-05-02,,0.0,,2021-05-02,
Sun,2021-05-02,2021,8:00p,Phoenix Suns,123,Oklahoma City Thunder,120,,0,2020/2021,May,2,5,2021-05-02,,0.0,,2021-05-02,
Sun,2021-05-02,2021,8:00p,Philadelphia 76ers,113,San Antonio Spurs,111,OT,3978,2020/2021,May,2,5,2021-05-02,,0.0,,2021-05-02,
Sun,2021-05-02,2021,10:00p,Toronto Raptors,121,Los Angeles Lakers,114,,2053,2020/2021,May,2,5,2021-05-02,,0.0,,2021-05-02,
Mon,2021-05-03,2021,7:00p,Orlando Magic,119,Detroit Pistons,112,,750,2020/2021,May,3,5,2021-05-03,,0.0,,2021-05-03,
Mon,2021-05-03,2021,7:00p,Indiana Pacers,141,Washington Wizards,154,,0,2020/2021,May,3,5,2021-05-03,,0.0,,2021-05-03,
Mon,2021-05-03,2021,7:30p,Golden State Warriors,123,New Orleans Pelicans,108,,3700,2020/2021,May,3,5,2021-05-03,,0.0,,2021-05-03,
Mon,2021-05-03,2021,8:00p,Portland Trail Blazers,114,Atlanta Hawks,123,,3091,2020/2021,May,3,5,2021-05-03,,0.0,,2021-05-03,
Mon,2021-05-03,2021,9:00p,Philadelphia 76ers,106,Chicago Bulls,94,,0,2020/2021,May,3,5,2021-05-03,,0.0,,2021-05-03,
Mon,2021-05-03,2021,9:00p,New York Knicks,118,Memphis Grizzlies,104,,2789,2020/2021,May,3,5,2021-05-03,,0.0,,2021-05-03,
Mon,2021-05-03,2021,10:00p,Denver Nuggets,89,Los Angeles Lakers,93,,2454,2020/2021,May,3,5,2021-05-03,,0.0,,2021-05-03,
Mon,2021-05-03,2021,10:00p,San Antonio Spurs,99,Utah Jazz,110,,6506,2020/2021,May,3,5,2021-05-03,,0.0,,2021-05-03,
Tue,2021-05-04,2021,7:00p,Phoenix Suns,134,Cleveland Cavaliers,118,OT,4148,2020/2021,May,4,5,2021-05-04,,0.0,,2021-05-04,
Tue,2021-05-04,2021,7:00p,Charlotte Hornets,102,Detroit Pistons,99,,750,2020/2021,May,4,5,2021-05-04,,0.0,,2021-05-04,
Tue,2021-05-04,2021,7:30p,Brooklyn Nets,118,Milwaukee Bucks,124,,3280,2020/2021,May,4,5,2021-05-04,,0.0,,2021-05-04,
Tue,2021-05-04,2021,8:00p,Dallas Mavericks,127,Miami Heat,113,,0,2020/2021,May,4,5,2021-05-04,,0.0,,2021-05-04,
Tue,2021-05-04,2021,8:00p,Golden State Warriors,103,New Orleans Pelicans,108,,3700,2020/2021,May,4,5,2021-05-04,,0.0,,2021-05-04,
Tue,2021-05-04,2021,8:00p,Sacramento Kings,103,Oklahoma City Thunder,99,,0,2020/2021,May,4,5,2021-05-04,,0.0,,2021-05-04,
Tue,2021-05-04,2021,10:00p,Toronto Raptors,100,Los Angeles Clippers,105,,1714,2020/2021,May,4,5,2021-05-04,,0.0,,2021-05-04,
Wed,2021-05-05,2021,7:00p,Boston Celtics,132,Orlando Magic,96,,0,2020/2021,May,5,5,2021-05-05,,0.0,,2021-05-05,
Wed,2021-05-05,2021,7:30p,Portland Trail Blazers,141,Cleveland Cavaliers,105,,4148,2020/2021,May,5,5,2021-05-05,,0.0,,2021-05-05,
Wed,2021-05-05,2021,8:00p,Phoenix Suns,103,Atlanta Hawks,135,,3205,2020/2021,May,5,5,2021-05-05,,0.0,,2021-05-05,
Wed,2021-05-05,2021,8:00p,Philadelphia 76ers,135,Houston Rockets,115,,3583,2020/2021,May,5,5,2021-05-05,,0.0,,2021-05-05,
Wed,2021-05-05,2021,8:00p,Sacramento Kings,104,Indiana Pacers,93,,0,2020/2021,May,5,5,2021-05-05,,0.0,,2021-05-05,
Wed,2021-05-05,2021,8:00p,Washington Wizards,134,Milwaukee Bucks,135,,3280,2020/2021,May,5,5,2021-03-18,covid,1.0,103.0,2021-05-05,
Wed,2021-05-05,2021,8:00p,Memphis Grizzlies,139,Minnesota Timberwolves,135,,1436,2020/2021,May,5,5,2021-05-04,covid,1.0,110.0,2021-05-05,
Wed,2021-05-05,2021,9:00p,New York Knicks,97,Denver Nuggets,113,,4038,2020/2021,May,5,5,2021-05-05,,0.0,,2021-05-05,
Wed,2021-05-05,2021,9:00p,San Antonio Spurs,94,Utah Jazz,126,,6506,2020/2021,May,5,5,2021-05-05,,0.0,,2021-05-05,
Thu,2021-05-06,2021,7:00p,Chicago Bulls,120,Charlotte Hornets,99,,3769,2020/2021,May,6,5,2021-05-29,covid,1.0,78.0,2021-05-06,
Thu,2021-05-06,2021,7:30p,Brooklyn Nets,109,Dallas Mavericks,113,,4602,2020/2021,May,6,5,2021-05-06,,0.0,,2021-05-06,
Thu,2021-05-06,2021,7:30p,Washington Wizards,131,Toronto Raptors,129,OT,2494,2020/2021,May,6,5,2021-05-06,,0.0,,2021-05-06,
Thu,2021-05-06,2021,8:00p,Memphis Grizzlies,97,Detroit Pistons,111,,750,2020/2021,May,6,5,2021-05-06,,0.0,,2021-05-06,
Thu,2021-05-06,2021,8:00p,Atlanta Hawks,126,Indiana Pacers,133,,0,2020/2021,May,6,5,2021-05-06,,0.0,,2021-05-06,
Thu,2021-05-06,2021,10:00p,Oklahoma City Thunder,97,Golden State Warriors,118,,3621,2020/2021,May,6,5,2021-05-06,,0.0,,2021-05-06,
Thu,2021-05-06,2021,10:00p,Los Angeles Lakers,94,Los Angeles Clippers,118,,3275,2020/2021,May,6,5,2021-05-06,,0.0,,2021-05-06,
Fri,2021-05-07,2021,7:00p,New Orleans Pelicans,107,Philadelphia 76ers,109,,5119,2020/2021,May,7,5,2021-05-07,,0.0,,2021-05-07,
Fri,2021-05-07,2021,7:30p,Boston Celtics,99,Chicago Bulls,121,,3399,2020/2021,May,7,5,2021-05-19,covid,1.0,115.0,2021-05-07,
Fri,2021-05-07,2021,8:00p,Orlando Magic,112,Charlotte Hornets,122,,3751,2020/2021,May,7,5,2021-05-07,,0.0,,2021-05-07,
Fri,2021-05-07,2021,8:00p,Minnesota Timberwolves,112,Miami Heat,121,,0,2020/2021,May,7,5,2021-05-07,,0.0,,2021-05-07,
Fri,2021-05-07,2021,8:00p,Houston Rockets,133,Milwaukee Bucks,141,,3280,2020/2021,May,7,5,2021-05-07,,0.0,,2021-05-07,
Fri,2021-05-07,2021,8:30p,Cleveland Cavaliers,90,Dallas Mavericks,110,,4220,2020/2021,May,7,5,2021-05-07,,0.0,,2021-05-07,
Fri,2021-05-07,2021,9:00p,Denver Nuggets,120,Utah Jazz,127,,6506,2020/2021,May,7,5,2021-05-07,,0.0,,2021-05-07,
Fri,2021-05-07,2021,10:00p,New York Knicks,105,Phoenix Suns,128,,8063,2020/2021,May,7,5,2021-05-07,,0.0,,2021-05-07,
Fri,2021-05-07,2021,10:00p,Los Angeles Lakers,101,Portland Trail Blazers,106,,0,2020/2021,May,7,5,2021-05-07,,0.0,,2021-05-07,
Fri,2021-05-07,2021,10:00p,San Antonio Spurs,113,Sacramento Kings,104,,0,2020/2021,May,7,5,2021-05-07,,0.0,,2021-05-07,
Sat,2021-05-08,2021,7:00p,Washington Wizards,133,Indiana Pacers,132,OT,0,2020/2021,May,8,5,2021-05-08,,0.0,,2021-05-08,
Sat,2021-05-08,2021,7:00p,Detroit Pistons,104,Philadelphia 76ers,118,,5119,2020/2021,May,8,5,2021-05-08,,0.0,,2021-05-08,
Sat,2021-05-08,2021,7:30p,Memphis Grizzlies,109,Toronto Raptors,99,,0,2020/2021,May,8,5,2021-05-08,,0.0,,2021-05-08,
Sat,2021-05-08,2021,10:00p,Brooklyn Nets,125,Denver Nuggets,119,,4044,2020/2021,May,8,5,2021-05-08,,0.0,,2021-05-08,
Sat,2021-05-08,2021,10:00p,Oklahoma City Thunder,97,Golden State Warriors,136,,4155,2020/2021,May,8,5,2021-05-08,,0.0,,2021-05-08,
Sat,2021-05-08,2021,10:00p,San Antonio Spurs,102,Portland Trail Blazers,124,,1939,2020/2021,May,8,5,2021-05-08,,0.0,,2021-05-08,
Sat,2021-05-08,2021,10:00p,Houston Rockets,116,Utah Jazz,124,,6506,2020/2021,May,8,5,2021-05-08,,0.0,,2021-05-08,
Sun,2021-05-09,2021,1:00p,Miami Heat,130,Boston Celtics,124,,2298,2020/2021,May,9,5,2021-05-09,,0.0,,2021-05-09,
Sun,2021-05-09,2021,3:30p,New York Knicks,106,Los Angeles Clippers,100,,2578,2020/2021,May,9,5,2021-05-09,,0.0,,2021-05-09,
Sun,2021-05-09,2021,7:00p,New Orleans Pelicans,112,Charlotte Hornets,110,,4196,2020/2021,May,9,5,2021-05-09,,0.0,,2021-05-09,
Sun,2021-05-09,2021,7:00p,Dallas Mavericks,124,Cleveland Cavaliers,97,,4148,2020/2021,May,9,5,2021-05-09,,0.0,,2021-05-09,
Sun,2021-05-09,2021,7:00p,Minnesota Timberwolves,128,Orlando Magic,96,,4086,2020/2021,May,9,5,2021-05-09,,0.0,,2021-05-09,
Sun,2021-05-09,2021,8:00p,Chicago Bulls,108,Detroit Pistons,96,,750,2020/2021,May,9,5,2021-05-09,,0.0,,2021-05-09,
Sun,2021-05-09,2021,10:00p,Phoenix Suns,110,Los Angeles Lakers,123,,3144,2020/2021,May,9,5,2021-05-09,,0.0,,2021-05-09,
Sun,2021-05-09,2021,10:00p,Oklahoma City Thunder,98,Sacramento Kings,126,,0,2020/2021,May,9,5,2021-05-09,,0.0,,2021-05-09,
Mon,2021-05-10,2021,7:30p,Washington Wizards,124,Atlanta Hawks,125,,3054,2020/2021,May,10,5,2021-05-10,,0.0,,2021-05-10,
Mon,2021-05-10,2021,7:30p,Indiana Pacers,111,Cleveland Cavaliers,102,,4148,2020/2021,May,10,5,2021-05-10,,0.0,,2021-05-10,
Mon,2021-05-10,2021,8:00p,New Orleans Pelicans,110,Memphis Grizzlies,115,,2507,2020/2021,May,10,5,2021-05-10,,0.0,,2021-05-10,
Mon,2021-05-10,2021,8:30p,Milwaukee Bucks,125,San Antonio Spurs,146,,3992,2020/2021,May,10,5,2021-05-10,,0.0,,2021-05-10,
Mon,2021-05-10,2021,10:00p,Utah Jazz,116,Golden State Warriors,119,,4155,2020/2021,May,10,5,2021-05-10,,0.0,,2021-05-10,
Mon,2021-05-10,2021,10:00p,Houston Rockets,129,Portland Trail Blazers,140,,1939,2020/2021,May,10,5,2021-05-10,,0.0,,2021-05-10,
Tue,2021-05-11,2021,7:00p,Denver Nuggets,117,Charlotte Hornets,112,,3997,2020/2021,May,11,5,2021-05-11,,0.0,,2021-05-11,
Tue,2021-05-11,2021,7:00p,Minnesota Timberwolves,119,Detroit Pistons,100,,750,2020/2021,May,11,5,2021-05-11,,0.0,,2021-05-11,
Tue,2021-05-11,2021,7:30p,Miami Heat,129,Boston Celtics,121,,4789,2020/2021,May,11,5,2021-05-21,covid,1.0,121.0,2021-05-11,
Tue,2021-05-11,2021,7:30p,Los Angeles Clippers,115,Toronto Raptors,96,,0,2020/2021,May,11,5,2021-05-11,,0.0,,2021-05-11,
Tue,2021-05-11,2021,8:00p,Brooklyn Nets,115,Chicago Bulls,107,,3434,2020/2021,May,11,5,2021-05-11,,0.0,,2021-05-11,
Tue,2021-05-11,2021,8:00p,Philadelphia 76ers,94,Indiana Pacers,103,,0,2020/2021,May,11,5,2021-05-11,,0.0,,2021-05-11,
Tue,2021-05-11,2021,8:00p,Dallas Mavericks,104,Memphis Grizzlies,133,,2684,2020/2021,May,11,5,2021-05-11,,0.0,,2021-05-11,
Tue,2021-05-11,2021,9:00p,Orlando Magic,102,Milwaukee Bucks,114,,3280,2020/2021,May,11,5,2021-05-11,,0.0,,2021-05-11,
Tue,2021-05-11,2021,10:00p,Phoenix Suns,116,Golden State Warriors,122,,4155,2020/2021,May,11,5,2021-05-11,,0.0,,2021-05-11,
Tue,2021-05-11,2021,10:00p,New York Knicks,99,Los Angeles Lakers,101,OT,3550,2020/2021,May,11,5,2021-05-11,,0.0,,2021-05-11,
Tue,2021-05-11,2021,10:00p,Oklahoma City Thunder,106,Sacramento Kings,122,,0,2020/2021,May,11,5,2021-05-11,,0.0,,2021-05-11,
Wed,2021-05-12,2021,7:00p,Washington Wizards,116,Atlanta Hawks,120,,3120,2020/2021,May,12,5,2021-05-12,,0.0,,2021-05-12,
Wed,2021-05-12,2021,8:00p,San Antonio Spurs,116,Brooklyn Nets,128,,1773,2020/2021,May,12,5,2021-05-12,,0.0,,2021-05-12,
Wed,2021-05-12,2021,8:00p,Boston Celtics,94,Cleveland Cavaliers,102,,4148,2020/2021,May,12,5,2021-05-12,,0.0,,2021-05-12,
Wed,2021-05-12,2021,9:00p,New Orleans Pelicans,107,Dallas Mavericks,125,,4373,2020/2021,May,12,5,2021-05-19,covid,1.0,121.0,2021-05-12,
Wed,2021-05-12,2021,9:30p,Portland Trail Blazers,105,Utah Jazz,98,,6506,2020/2021,May,12,5,2021-05-12,,0.0,,2021-05-12,
Wed,2021-05-12,2021,10:30p,Houston Rockets,122,Los Angeles Lakers,124,,4087,2020/2021,May,12,5,2021-05-12,,0.0,,2021-05-12,
Thu,2021-05-13,2021,7:00p,Los Angeles Clippers,113,Charlotte Hornets,90,,4442,2020/2021,May,13,5,2021-05-13,,0.0,,2021-05-13,
Thu,2021-05-13,2021,7:00p,Milwaukee Bucks,142,Indiana Pacers,133,,0,2020/2021,May,13,5,2021-05-13,,0.0,,2021-05-13,
Thu,2021-05-13,2021,7:30p,Orlando Magic,93,Atlanta Hawks,116,,2910,2020/2021,May,13,5,2021-05-13,,0.0,,2021-05-13,
Thu,2021-05-13,2021,7:30p,Philadelphia 76ers,94,Miami Heat,106,,0,2020/2021,May,13,5,2021-05-13,,0.0,,2021-05-13,
Thu,2021-05-13,2021,7:30p,San Antonio Spurs,98,New York Knicks,102,,1981,2020/2021,May,13,5,2021-03-19,covid,1.0,82.0,2021-05-13,
Thu,2021-05-13,2021,8:00p,Toronto Raptors,102,Chicago Bulls,114,,3395,2020/2021,May,13,5,2021-05-13,,0.0,,2021-05-13,
Thu,2021-05-13,2021,8:00p,Sacramento Kings,110,Memphis Grizzlies,116,,2876,2020/2021,May,13,5,2021-05-13,covid,1.0,109.0,2021-05-13,
Thu,2021-05-13,2021,8:00p,Denver Nuggets,114,Minnesota Timberwolves,103,,1638,2020/2021,May,13,5,2021-05-13,,0.0,,2021-05-13,
Thu,2021-05-13,2021,10:00p,Portland Trail Blazers,117,Phoenix Suns,118,,8359,2020/2021,May,13,5,2021-05-13,,0.0,,2021-05-13,
Fri,2021-05-14,2021,7:00p,Cleveland Cavaliers,105,Washington Wizards,120,,5333,2020/2021,May,14,5,2021-05-15,covid,1.0,116.0,2021-05-14,
Fri,2021-05-14,2021,8:00p,Denver Nuggets,104,Detroit Pistons,91,,750,2020/2021,May,14,5,2021-05-14,,0.0,,2021-05-14,
Fri,2021-05-14,2021,8:00p,Utah Jazz,109,Oklahoma City Thunder,93,,0,2020/2021,May,14,5,2021-05-14,,0.0,,2021-05-14,
Fri,2021-05-14,2021,8:00p,Orlando Magic,97,Philadelphia 76ers,122,,5119,2020/2021,May,14,5,2021-05-14,,0.0,,2021-05-14,
Fri,2021-05-14,2021,9:00p,Toronto Raptors,110,Dallas Mavericks,114,,4493,2020/2021,May,14,5,2021-05-14,,0.0,,2021-05-14,
Fri,2021-05-14,2021,9:00p,Los Angeles Clippers,115,Houston Rockets,122,,3803,2020/2021,May,14,5,2021-05-14,,0.0,,2021-05-14,
Fri,2021-05-14,2021,9:00p,Sacramento Kings,106,Memphis Grizzlies,107,,3502,2020/2021,May,14,5,2021-05-19,covid,1.0,109.0,2021-05-14,
Fri,2021-05-14,2021,9:30p,New Orleans Pelicans,122,Golden State Warriors,125,,4155,2020/2021,May,14,5,2021-05-14,,0.0,,2021-05-14,
Sat,2021-05-15,2021,1:00p,Chicago Bulls,91,Brooklyn Nets,105,,1773,2020/2021,May,15,5,2021-05-15,,0.0,,2021-05-15,
Sat,2021-05-15,2021,1:00p,Los Angeles Lakers,122,Indiana Pacers,115,,0,2020/2021,May,15,5,2021-05-15,,0.0,,2021-05-15,
Sat,2021-05-15,2021,1:00p,Charlotte Hornets,109,New York Knicks,118,OT,1981,2020/2021,May,15,5,2021-05-15,,0.0,,2021-05-15,
Sat,2021-05-15,2021,2:00p,Boston Celtics,124,Minnesota Timberwolves,108,,1638,2020/2021,May,15,5,2021-05-15,,0.0,,2021-05-15,
Sat,2021-05-15,2021,2:00p,Phoenix Suns,140,San Antonio Spurs,103,,4848,2020/2021,May,15,5,2021-05-15,,0.0,,2021-05-15,
Sat,2021-05-15,2021,8:00p,Miami Heat,108,Milwaukee Bucks,122,,3280,2020/2021,May,15,5,2021-05-15,,0.0,,2021-05-15,
Sun,2021-05-16,2021,1:00p,Boston Celtics,92,New York Knicks,96,,1981,2020/2021,May,16,5,2021-05-16,,0.0,,2021-05-16,
Sun,2021-05-16,2021,1:00p,Indiana Pacers,125,Toronto Raptors,113,,0,2020/2021,May,16,5,2021-05-16,,0.0,,2021-05-16,
Sun,2021-05-16,2021,1:00p,Charlotte Hornets,110,Washington Wizards,115,,5333,2020/2021,May,16,5,2021-05-16,,0.0,,2021-05-16,
Sun,2021-05-16,2021,2:00p,Phoenix Suns,123,San Antonio Spurs,121,,4738,2020/2021,May,16,5,2021-05-16,,0.0,,2021-05-16,
Sun,2021-05-16,2021,3:30p,Memphis Grizzlies,101,Golden State Warriors,113,,4416,2020/2021,May,16,5,2021-05-16,,0.0,,2021-05-16,
Sun,2021-05-16,2021,7:00p,Houston Rockets,95,Atlanta Hawks,124,,3045,2020/2021,May,16,5,2021-05-16,,0.0,,2021-05-16,
Sun,2021-05-16,2021,7:00p,Cleveland Cavaliers,109,Brooklyn Nets,123,,1773,2020/2021,May,16,5,2021-05-16,,0.0,,2021-05-16,
Sun,2021-05-16,2021,7:00p,Orlando Magic,117,Philadelphia 76ers,128,,5119,2020/2021,May,16,5,2021-05-16,,0.0,,2021-05-16,
Sun,2021-05-16,2021,8:00p,Miami Heat,120,Detroit Pistons,107,,750,2020/2021,May,16,5,2021-05-16,,0.0,,2021-05-16,
Sun,2021-05-16,2021,9:00p,Milwaukee Bucks,112,Chicago Bulls,118,,3427,2020/2021,May,16,5,2021-05-16,,0.0,,2021-05-16,
Sun,2021-05-16,2021,9:00p,Dallas Mavericks,121,Minnesota Timberwolves,136,,1638,2020/2021,May,16,5,2021-05-16,,0.0,,2021-05-16,
Sun,2021-05-16,2021,9:00p,Los Angeles Lakers,110,New Orleans Pelicans,98,,3700,2020/2021,May,16,5,2021-05-16,,0.0,,2021-05-16,
Sun,2021-05-16,2021,9:00p,Los Angeles Clippers,112,Oklahoma City Thunder,117,,0,2020/2021,May,16,5,2021-05-16,,0.0,,2021-05-16,
Sun,2021-05-16,2021,9:00p,Denver Nuggets,116,Portland Trail Blazers,132,,1939,2020/2021,May,16,5,2021-05-16,,0.0,,2021-05-16,
Sun,2021-05-16,2021,9:00p,Utah Jazz,121,Sacramento Kings,99,,0,2020/2021,May,16,5,2021-05-16,,0.0,,2021-05-16,
